0.139185 0.189185 0.23906 0.28906 0.427977 0.356829 0.527977 0.456829 0.159212
0.139185 0.189185 0.23906 0.28906 0.455298 0.273652 0.555298 0.373652 0.155024
0.131952 0.189185 0.235366 0.28906 0.369924 0.31129 0.469924 0.41129 0.151168
0.131952 0.189185 0.235366 0.28906 0.402607 0.22648 0.502607 0.32648 0.148188
0.131952 0.189185 0.235366 0.28906 0.434214 0.140915 0.534214 0.240915 0.14545
0.118951 0.176184 0.229336 0.28303 0.466887 0.0380502 0.566887 0.13805 0.143304
0.105603 0.162836 0.225514 0.279208 0.499282 -0.0615681 0.599282 0.0384319 0.141726
0.0924818 0.149715 0.223725 0.277419 0.531289 -0.155587 0.631289 -0.0555868 0.1413
0.0932138 0.149715 0.227304 0.277419 0.447519 -0.0772284 0.547519 0.0227716 0.137048
0.0928374 0.149715 0.230567 0.277419 0.361684 -0.0038549 0.461684 0.0961451 0.134383
0.092028 0.149715 0.233139 0.277419 0.274901 0.064622 0.374901 0.164622 0.132258
0.092028 0.14904 0.233139 0.279039 0.186441 0.129156 0.286441 0.229156 0.130753
0.092028 0.14904 0.233139 0.279039 0.240429 0.0462617 0.340429 0.146262 0.130533
0.0923332 0.14904 0.235208 0.279039 0.155061 0.113606 0.255061 0.213606 0.128938
0.0923332 0.149814 0.235208 0.28019 0.0701402 0.177039 0.17014 0.277039 0.128493
0.0938475 0.149814 0.235589 0.28019 -0.00906785 0.235433 0.0909321 0.335433 0.128816
0.0960292 0.149814 0.235318 0.28019 -0.0837638 0.289801 0.0162362 0.389801 0.12984
0.0987605 0.149814 0.234582 0.28019 -0.153453 0.340464 -0.0534532 0.440464 0.131424
0.0957058 0.146759 0.230582 0.276191 -0.0684345 0.237741 0.0315655 0.337741 0.128542
0.0983401 0.146759 0.230896 0.276191 -0.137831 0.292672 -0.0378315 0.392672 0.130053
0.0952281 0.143647 0.227036 0.272331 -0.0527623 0.190473 0.0472377 0.290473 0.127482
0.0952281 0.146209 0.227036 0.273388 -0.123468 0.250009 -0.0234681 0.350009 0.128953
0.0980145 0.146209 0.227731 0.273388 -0.187715 0.304444 -0.0877154 0.404444 0.130984
0.094826 0.14302 0.224137 0.269794 -0.0996321 0.202462 0.000367926 0.302462 0.12793
0.0975093 0.14302 0.225454 0.269794 -0.164533 0.260515 -0.0645332 0.360515 0.129791
0.100249 0.14302 0.226444 0.269794 -0.224665 0.31423 -0.124665 0.41423 0.132074
0.100249 0.145748 0.226444 0.270505 -0.281257 0.364627 -0.181257 0.464627 0.134564
0.0968831 0.142382 0.223139 0.2672 -0.189804 0.262692 -0.0898036 0.362692 0.13046
0.0936046 0.139103 0.219734 0.263795 -0.100769 0.16164 -0.000769472 0.26164 0.12743
0.0962121 0.139103 0.221654 0.263795 -0.163767 0.22262 -0.0637669 0.32262 0.129357
0.0962121 0.141642 0.221654 0.265382 -0.223245 0.279688 -0.123245 0.379688 0.131675
0.0962121 0.141642 0.221654 0.265382 -0.140996 0.195418 -0.0409957 0.295418 0.128269
0.0962121 0.141642 0.221654 0.265382 -0.0612704 0.113093 0.0387296 0.213093 0.126056
0.0962121 0.141642 0.221654 0.265382 0.0149793 0.0338754 0.114979 0.133875 0.125065
0.0962121 0.141642 0.221654 0.265382 0.0870684 -0.0413207 0.187068 0.0586793 0.1252
0.0962121 0.144574 0.221654 0.268334 0.00995237 0.0379478 0.109952 0.137948 0.125026
0.0962121 0.14737 0.221654 0.271 -0.0627302 0.111962 0.0372698 0.211962 0.125792
0.0962121 0.14737 0.221654 0.271 0.0131819 0.0335387 0.113182 0.133539 0.124998
0.0962121 0.150199 0.221654 0.27371 -0.0600484 0.108542 0.0399516 0.208542 0.125633
0.098942 0.150199 0.224114 0.27371 -0.1271 0.176987 -0.0270999 0.276987 0.127028
0.0957016 0.146959 0.220921 0.270517 -0.0404837 0.0793091 0.0595163 0.179309 0.125406
0.0957016 0.146959 0.220921 0.270517 0.0345093 0.00250752 0.134509 0.102508 0.124958
0.0957016 0.146959 0.220921 0.270517 0.105166 -0.0698897 0.205166 0.0301103 0.125575
0.0957016 0.146959 0.220921 0.270517 0.171171 -0.137489 0.271171 -0.0374894 0.127047
0.0989897 0.146959 0.224158 0.270517 0.0910636 -0.0527136 0.191064 0.0472864 0.125414
0.0989897 0.150022 0.224158 0.27353 0.0131272 0.0288857 0.113127 0.128886 0.124943
0.0989897 0.152908 0.224158 0.276305 -0.0604701 0.105326 0.0395299 0.205326 0.125456
0.101748 0.152908 0.22671 0.276305 -0.127921 0.175156 -0.0279208 0.275156 0.126746
0.101748 0.152908 0.22671 0.276305 -0.0495619 0.0951514 0.0504381 0.195151 0.125278
0.0986128 0.149772 0.223743 0.273339 0.0328534 0.00243918 0.132853 0.102439 0.124979
0.0956141 0.146774 0.221002 0.270597 0.110635 -0.0844304 0.210635 0.0155696 0.125716
0.0988199 0.146774 0.224099 0.270597 0.033729 -0.00251923 0.133729 0.0974808 0.124958
0.0988199 0.146774 0.224099 0.270597 0.104402 -0.0741351 0.204402 0.0258649 0.125658
0.102004 0.146774 0.227188 0.270597 0.0274872 0.00756948 0.127487 0.107569 0.124949
0.104982 0.146774 0.230075 0.270597 -0.0452599 0.084326 0.0547401 0.184326 0.125268
0.10184 0.143632 0.227134 0.267657 0.0373624 -0.00810444 0.137362 0.0918956 0.12497
0.10184 0.143632 0.227134 0.267657 0.10797 -0.0794601 0.20797 0.0205399 0.125698
0.10184 0.1468 0.227134 0.270715 0.0295681 0.00373729 0.129568 0.103737 0.124955
0.098841 0.1438 0.224389 0.26797 0.107769 -0.0833157 0.207769 0.0166843 0.12565
0.102048 0.1438 0.227472 0.26797 0.031066 -0.00142103 0.131066 0.098579 0.124949
0.102048 0.1438 0.227472 0.26797 0.102058 -0.0731699 0.202058 0.0268301 0.125602
0.105232 0.1438 0.230549 0.26797 0.025305 0.00852232 0.125305 0.108522 0.124943
0.10222 0.140788 0.227791 0.265211 0.103881 -0.0789754 0.203881 0.0210246 0.125566
0.105411 0.140788 0.230859 0.265211 0.0273514 0.00270726 0.127351 0.102707 0.12494
0.108385 0.140788 0.233738 0.265211 -0.0449656 0.0794075 0.0550344 0.179408 0.125325
0.108385 0.140788 0.233738 0.265211 0.0302182 0.00321048 0.130218 0.10321 0.124953
0.111368 0.140788 0.236628 0.265211 -0.0426518 0.0803351 0.0573482 0.180335 0.125258
0.111368 0.140788 0.236628 0.265211 0.0321818 0.00440392 0.132182 0.104404 0.124969
0.108378 0.137798 0.233894 0.262477 0.110186 -0.0825172 0.210186 0.0174828 0.12571
0.105604 0.135024 0.231346 0.259929 0.183286 -0.163085 0.283286 -0.0630847 0.127289
0.103103 0.132523 0.228937 0.25752 0.25142 -0.237233 0.35142 -0.137233 0.129492
0.100906 0.130326 0.226624 0.255207 0.314694 -0.305203 0.414694 -0.205203 0.132119
0.099014 0.128434 0.22438 0.252963 0.373332 -0.367421 0.473332 -0.267421 0.135007
0.102661 0.128434 0.227785 0.252963 0.287934 -0.276107 0.387934 -0.176107 0.130679
0.106226 0.128434 0.231109 0.252963 0.204323 -0.186589 0.304323 -0.0865885 0.127537
0.106226 0.128434 0.231109 0.252963 0.265034 -0.247463 0.365034 -0.147463 0.129777
0.106226 0.128434 0.231109 0.252963 0.321145 -0.303652 0.421145 -0.203652 0.13242
0.109804 0.128434 0.234489 0.252963 0.236321 -0.213119 0.336321 -0.113119 0.128749
0.109804 0.131856 0.234489 0.256238 0.153204 -0.124663 0.253204 -0.0246631 0.126318
0.109804 0.135088 0.234489 0.259379 0.0733967 -0.0401172 0.173397 0.0598828 0.125116
0.109804 0.138117 0.234489 0.262332 -0.002397 0.0396555 0.097603 0.139656 0.125017
0.109804 0.140956 0.234489 0.265055 -0.0737398 0.114178 0.0262602 0.214178 0.125831
0.109804 0.143625 0.234489 0.267521 -0.140444 0.183315 -0.0404437 0.283315 0.127347
0.106534 0.140355 0.231339 0.264371 -0.0527448 0.0853565 0.0472552 0.185357 0.125543
0.106534 0.140355 0.231339 0.264371 0.0232507 0.00836285 0.123251 0.108363 0.124939
0.109477 0.140355 0.23419 0.264371 -0.0486752 0.0843843 0.0513248 0.184384 0.125426
0.109477 0.140355 0.23419 0.264371 0.0269 0.00773843 0.1269 0.107738 0.124941
0.109477 0.143293 0.23419 0.267212 -0.046554 0.085066 0.053446 0.185066 0.12534
0.109477 0.146042 0.23419 0.269815 -0.115427 0.157025 -0.0154272 0.257025 0.126546
0.109477 0.146042 0.23419 0.269815 -0.0371422 0.0775482 0.0628578 0.177548 0.125191
0.112285 0.146042 0.236867 0.269815 -0.106053 0.149798 -0.00605346 0.249798 0.126242
0.109068 0.142826 0.2338 0.266748 -0.0200832 0.0538029 0.0799168 0.153803 0.125082
0.109068 0.142826 0.2338 0.266748 0.0538395 -0.0208723 0.153839 0.0791277 0.125066
0.109068 0.142826 0.2338 0.266748 0.123294 -0.0909336 0.223294 0.00906643 0.126037
0.106338 0.140095 0.231303 0.264251 0.195179 -0.17021 0.295179 -0.0702099 0.127791
0.106338 0.143483 0.231303 0.267463 0.112898 -0.0824618 0.212898 0.0175382 0.125786
0.106338 0.146668 0.231303 0.270532 0.0342357 0.0010604 0.134236 0.10106 0.124969
0.103356 0.143685 0.228574 0.267803 0.112333 -0.0856929 0.212333 0.0143071 0.125723
0.103356 0.146874 0.228574 0.270861 0.0339495 -0.00225935 0.13395 0.0977406 0.124959
0.106358 0.146874 0.231481 0.270861 -0.0388738 0.075048 0.0611262 0.175048 0.125228
0.109156 0.146874 0.234165 0.270861 -0.107222 0.147081 -0.00722174 0.247081 0.126333
0.105926 0.143644 0.231107 0.267803 -0.0210043 0.0510305 0.0789957 0.151031 0.125109
0.105926 0.146461 0.231107 0.270518 -0.0911129 0.125224 0.00888709 0.225224 0.126064
0.10857 0.146461 0.233623 0.270518 -0.155513 0.193102 -0.0555126 0.293102 0.127687
0.10857 0.148921 0.233623 0.272755 -0.216366 0.256534 -0.116366 0.356534 0.129779
0.10857 0.148921 0.233623 0.272755 -0.134544 0.173708 -0.0345435 0.273708 0.126951
0.10857 0.151449 0.233623 0.275082 -0.197408 0.239325 -0.0974081 0.339325 0.128864
0.110964 0.151449 0.23574 0.275082 -0.254784 0.299024 -0.154784 0.399024 0.131153
0.107598 0.148084 0.232526 0.271868 -0.16325 0.1977 -0.0632504 0.2977 0.12787
0.104289 0.144774 0.229409 0.26875 -0.0744363 0.0993127 0.0255637 0.199313 0.125801
0.101078 0.141564 0.22645 0.265792 0.0107368 0.00538746 0.110737 0.105387 0.124965
0.101078 0.14448 0.22645 0.268605 -0.0604897 0.0819912 0.0395103 0.181991 0.12564
0.101078 0.14448 0.22645 0.268605 0.016252 0.00507653 0.116252 0.105077 0.124944
0.101078 0.14448 0.22645 0.268605 0.0888524 -0.0674836 0.188852 0.0325164 0.125342
0.101078 0.14448 0.22645 0.268605 0.156863 -0.135295 0.256863 -0.035295 0.126642
0.101078 0.147799 0.22645 0.271736 0.0763773 -0.0492437 0.176377 0.0507563 0.125242
0.104211 0.147799 0.229465 0.271736 0.00132303 0.0309102 0.101323 0.13091 0.124965
0.101155 0.144743 0.226654 0.268926 0.0818807 -0.0583217 0.181881 0.0416783 0.125246
0.101155 0.144743 0.226654 0.268926 0.150325 -0.126781 0.250325 -0.0267806 0.126456
0.101155 0.144743 0.226654 0.268926 0.214018 -0.190373 0.314018 -0.0903731 0.128377
0.101155 0.148167 0.226654 0.272157 0.130879 -0.10169 0.230879 -0.00169044 0.126108
0.101155 0.151393 0.226654 0.275255 0.0512113 -0.0170321 0.151211 0.0829679 0.125049
0.101155 0.15441 0.226654 0.278173 -0.0243276 0.0627633 0.0756724 0.162763 0.125072
0.104004 0.15441 0.229393 0.278173 -0.0938085 0.135965 0.00619152 0.235965 0.125984
0.104004 0.157052 0.229393 0.280619 -0.160089 0.204949 -0.0600885 0.304949 0.127572
0.104004 0.157052 0.229393 0.280619 -0.0802628 0.124037 0.0197372 0.224037 0.125657
0.104004 0.159742 0.229393 0.283129 -0.147973 0.194585 -0.0479735 0.294585 0.127069
0.104004 0.159742 0.229393 0.283129 -0.0688061 0.114341 0.0311939 0.214341 0.125412
0.104004 0.159742 0.229393 0.283129 0.00670892 0.0378253 0.106709 0.137825 0.124945
0.101 0.156738 0.226627 0.280362 0.0857822 -0.0503044 0.185782 0.0496956 0.12554
0.104179 0.156738 0.229697 0.280362 0.00928237 0.0311457 0.109282 0.131146 0.124938
0.104179 0.156738 0.229697 0.280362 0.0807246 -0.0409762 0.180725 0.0590238 0.125507
0.10734 0.156738 0.232759 0.280362 0.00414091 0.0403204 0.104141 0.14032 0.124937
0.10734 0.159662 0.232759 0.283175 -0.069687 0.117844 0.030313 0.217844 0.125369
0.104206 0.156529 0.229803 0.280219 0.0139622 0.0244753 0.113962 0.124475 0.124949
0.107193 0.156529 0.232694 0.280219 -0.0585189 0.101394 0.0414811 0.201394 0.125291
0.107193 0.159286 0.232694 0.282838 -0.127896 0.17417 -0.0278965 0.27417 0.126453
0.109802 0.159286 0.235109 0.282838 -0.191239 0.240438 -0.0912391 0.340438 0.128225
0.109802 0.159286 0.235109 0.282838 -0.110664 0.15888 -0.0106636 0.25888 0.126008
0.106613 0.156097 0.232079 0.279808 -0.0248039 0.0632648 0.0751961 0.163265 0.125011
0.109496 0.156097 0.23487 0.279808 -0.0948751 0.137668 0.00512489 0.237668 0.125798
0.106312 0.152913 0.231881 0.27682 -0.0095191 0.0428979 0.0904809 0.142898 0.124965
0.103269 0.149871 0.229087 0.274025 0.0714409 -0.0463356 0.171441 0.0536644 0.125248
0.103269 0.152995 0.229087 0.277005 -0.00493524 0.0354736 0.0950648 0.135474 0.124965
0.103269 0.155889 0.229087 0.279803 -0.0768798 0.112082 0.0231202 0.212082 0.125624
0.103269 0.155889 0.229087 0.279803 -0.000312019 0.0350815 0.099688 0.135082 0.124942
0.100245 0.152865 0.22631 0.277026 0.0799729 -0.053555 0.179973 0.046445 0.125353
0.100245 0.152865 0.22631 0.277026 0.147959 -0.12125 0.247959 -0.0212498 0.126666
0.103599 0.152865 0.22948 0.277026 0.068867 -0.0364331 0.168867 0.0635669 0.125251
0.100744 0.15001 0.226859 0.274405 0.144783 -0.119917 0.244783 -0.0199171 0.126465
0.100744 0.15331 0.226859 0.27752 0.0644689 -0.0340482 0.164469 0.0659518 0.125175
0.100744 0.15331 0.226859 0.27752 0.133376 -0.103036 0.233376 -0.00303639 0.126292
0.0980877 0.150654 0.224385 0.275047 0.204716 -0.181091 0.304716 -0.0810906 0.128161
0.0980877 0.154077 0.224385 0.278256 0.12169 -0.0923995 0.22169 0.00760055 0.12599
0.101351 0.154077 0.227506 0.278256 0.0440268 -0.00937706 0.144027 0.0906229 0.125016
0.104394 0.154077 0.230452 0.278256 -0.0295557 0.0688482 0.0704443 0.168848 0.125113
0.104394 0.156881 0.230452 0.280942 -0.100125 0.143024 -0.000125323 0.243024 0.126082
0.101186 0.153673 0.227421 0.277911 -0.0142454 0.0474161 0.0857546 0.147416 0.125032
0.104061 0.153673 0.230206 0.277911 -0.0838961 0.121465 0.0161039 0.221465 0.125863
0.10086 0.150472 0.227215 0.27492 0.00145693 0.0267118 0.101457 0.126712 0.124978
0.0978053 0.147417 0.224411 0.272116 0.0824545 -0.0625436 0.182455 0.0374564 0.125214
0.0978053 0.150541 0.224411 0.275083 0.00634234 0.0190438 0.106342 0.119044 0.124976
0.094753 0.147488 0.22161 0.272282 0.0872361 -0.0699965 0.187236 0.0300035 0.125226
0.0979228 0.147488 0.224616 0.272282 0.012725 0.0102859 0.112725 0.110286 0.124974
0.0979228 0.150384 0.224616 0.275077 -0.0588965 0.0867004 0.0411035 0.1867 0.125655
0.0979228 0.150384 0.224616 0.275077 0.0177956 0.00956951 0.117796 0.10957 0.124945
0.100869 0.150384 0.227468 0.275077 -0.0531147 0.0852469 0.0468853 0.185247 0.125524
0.100869 0.153089 0.227468 0.277671 -0.120878 0.156734 -0.0208781 0.256734 0.126864
0.100869 0.155613 0.227468 0.280026 -0.184016 0.222835 -0.084016 0.322835 0.12876
0.100869 0.157981 0.227468 0.282139 -0.242669 0.28379 -0.142669 0.38379 0.131032
0.0974979 0.154609 0.224263 0.278934 -0.151232 0.182572 -0.0512321 0.282572 0.127786
0.0941836 0.151295 0.221159 0.27583 -0.0625297 0.0843642 0.0374703 0.184364 0.125757
0.0941836 0.151295 0.221159 0.27583 0.0145997 0.00708579 0.1146 0.107086 0.12496
0.0941836 0.154202 0.221159 0.278633 -0.0572882 0.083912 0.0427118 0.183912 0.125607
0.0969022 0.154202 0.223806 0.278633 -0.122927 0.153932 -0.0229272 0.253932 0.126996
0.0994248 0.154202 0.226223 0.278633 -0.184082 0.218665 -0.0840819 0.318665 0.128929
0.0994248 0.154202 0.226223 0.278633 -0.102727 0.136519 -0.00272722 0.236519 0.126417
0.102019 0.154202 0.228705 0.278633 -0.165723 0.203112 -0.0657232 0.303112 0.128172
0.102019 0.154202 0.228705 0.278633 -0.0850644 0.121641 0.0149356 0.221641 0.125975
0.0988072 0.15099 0.225706 0.275634 0.000561022 0.0266018 0.100561 0.126602 0.125002
0.101706 0.15099 0.228517 0.275634 -0.0692109 0.101186 0.0307891 0.201186 0.125776
0.104391 0.15099 0.23111 0.275634 -0.13446 0.170427 -0.0344598 0.270427 0.127263
0.104391 0.153469 0.23111 0.277951 -0.196383 0.235344 -0.0963831 0.335344 0.129262
0.104391 0.155795 0.23111 0.280029 -0.253885 0.295183 -0.153885 0.395183 0.1316
0.106597 0.155795 0.233004 0.280029 -0.306119 0.34946 -0.206119 0.44946 0.134143
0.106597 0.155795 0.233004 0.280029 -0.222505 0.264924 -0.122505 0.364924 0.130066
0.103246 0.152444 0.229819 0.276843 -0.13151 0.164172 -0.0315101 0.264172 0.127129
0.103246 0.154922 0.229819 0.279214 -0.193626 0.229758 -0.0936259 0.329758 0.129088
0.103246 0.154922 0.229819 0.279214 -0.112102 0.14754 -0.0121018 0.24754 0.126513
0.103246 0.154922 0.229819 0.279214 -0.0335014 0.0684204 0.0664986 0.16842 0.125172
0.100131 0.151807 0.226947 0.276342 0.0493465 -0.0231725 0.149346 0.0768275 0.125002
0.100131 0.154837 0.226947 0.279248 -0.0252914 0.0565954 0.0747086 0.156595 0.125134
0.100131 0.15764 0.226947 0.281959 -0.0953861 0.13102 0.00461387 0.23102 0.126124
0.102762 0.15764 0.229481 0.281959 -0.159312 0.198749 -0.0593124 0.298749 0.127772
0.102762 0.15764 0.229481 0.281959 -0.079036 0.117747 0.020964 0.217747 0.125758
0.102762 0.15764 0.229481 0.281959 -0.00213021 0.0402632 0.0978698 0.140263 0.124959
0.102762 0.160525 0.229481 0.28474 -0.0745869 0.116834 0.0254131 0.216834 0.125605
0.105482 0.160525 0.232079 0.28474 -0.14081 0.186674 -0.0408099 0.286674 0.126997
0.10223 0.157273 0.228988 0.281648 -0.0529455 0.0890085 0.0470545 0.189009 0.125374
0.10223 0.160007 0.228988 0.284281 -0.121624 0.161632 -0.0216238 0.261632 0.126598
0.104803 0.160007 0.231435 0.284281 -0.184161 0.227622 -0.0841607 0.327622 0.128417
0.107212 0.160007 0.233638 0.284281 -0.242289 0.288492 -0.142289 0.388492 0.130641
0.107212 0.16226 0.233638 0.286199 -0.297402 0.345491 -0.197402 0.445491 0.133115
0.107212 0.16226 0.233638 0.286199 -0.21402 0.261223 -0.11402 0.361223 0.129287
0.10389 0.158937 0.230467 0.283028 -0.123384 0.160825 -0.0233841 0.260825 0.126631
0.10389 0.16147 0.230467 0.285454 -0.187117 0.228103 -0.0871173 0.328103 0.128451
0.100573 0.158154 0.227337 0.282324 -0.0972646 0.128689 0.0027354 0.228689 0.12613
0.103192 0.158154 0.229914 0.282324 -0.160898 0.196731 -0.0608977 0.296731 0.127777
0.105622 0.158154 0.232261 0.282324 -0.220104 0.259541 -0.120104 0.359541 0.129887
0.102265 0.154797 0.229098 0.279162 -0.12907 0.158948 -0.0290702 0.258948 0.127014
0.104761 0.154797 0.231566 0.279162 -0.189998 0.224104 -0.0899983 0.324104 0.128948
0.101413 0.151449 0.228438 0.276034 -0.0997576 0.124453 0.000242371 0.224453 0.126423
0.0981522 0.148187 0.225449 0.273045 -0.0127884 0.0288154 0.0872116 0.128815 0.12514
0.0981522 0.148187 0.225449 0.273045 0.0622749 -0.0456622 0.162275 0.0543378 0.125029
0.0981522 0.148187 0.225449 0.273045 0.132945 -0.115534 0.232945 -0.0155337 0.125912
0.0981522 0.148187 0.225449 0.273045 0.198897 -0.180575 0.298897 -0.0805751 0.127588
0.101617 0.148187 0.228647 0.273045 0.118497 -0.0940358 0.218497 0.00596418 0.125684
0.104862 0.148187 0.231719 0.273045 0.0417524 -0.011661 0.141752 0.088339 0.124955
0.104862 0.148187 0.231719 0.273045 0.113052 -0.0830528 0.213052 0.0169472 0.125622
0.102099 0.145425 0.229162 0.270488 0.187029 -0.164093 0.287029 -0.0640933 0.127146
0.105503 0.145425 0.232348 0.270488 0.106994 -0.0782501 0.206994 0.0217499 0.125465
0.105503 0.148579 0.232348 0.273505 0.0294608 0.00432303 0.129461 0.104323 0.124937
0.108463 0.148579 0.235213 0.273505 -0.0424399 0.0807146 0.0575601 0.180715 0.125405
0.108463 0.148579 0.235213 0.273505 0.0333099 0.00429598 0.13331 0.104296 0.124941
0.111435 0.148579 0.238091 0.273505 -0.0392227 0.081142 0.0607773 0.181142 0.125323
0.108291 0.145435 0.235169 0.270583 0.0442622 -0.0117248 0.144262 0.0882752 0.124953
0.108291 0.145435 0.235169 0.270583 0.115463 -0.0831911 0.215463 0.0168089 0.125626
0.108291 0.145435 0.235169 0.270583 0.181988 -0.149853 0.281988 -0.049853 0.127142
0.111652 0.145435 0.238371 0.270583 0.101549 -0.0640381 0.201549 0.0359619 0.125459
0.111652 0.14856 0.238371 0.273604 0.0237914 0.0182868 0.123791 0.118287 0.124935
0.114594 0.14856 0.241219 0.273604 -0.048517 0.0945819 0.051483 0.194582 0.125406
0.114594 0.14856 0.241219 0.273604 0.0271044 0.0180339 0.127104 0.118034 0.124943
0.117549 0.14856 0.24408 0.273604 -0.0457934 0.0948299 0.0542066 0.19483 0.125325
0.117549 0.151308 0.24408 0.276199 -0.115032 0.167014 -0.0150317 0.267014 0.126518
0.117549 0.151308 0.24408 0.276199 -0.0366713 0.08761 0.0633287 0.18761 0.12518
0.117549 0.154092 0.24408 0.278836 -0.106983 0.160945 -0.00698328 0.260945 0.126219
0.117549 0.156711 0.24408 0.281215 -0.172613 0.22888 -0.0726126 0.32888 0.127905
0.117549 0.159184 0.24408 0.283333 -0.233629 0.291595 -0.133629 0.391595 0.130038
0.119906 0.159184 0.24599 0.283333 -0.289282 0.348692 -0.189282 0.448692 0.13246
0.119906 0.161412 0.24599 0.28498 -0.341712 0.401949 -0.241712 0.501949 0.135044
0.119906 0.161412 0.24599 0.28498 -0.257915 0.317299 -0.157915 0.417299 0.130768
0.11658 0.158086 0.242781 0.281771 -0.165912 0.215523 -0.0659118 0.315523 0.127601
0.119054 0.158086 0.245068 0.281771 -0.226259 0.278729 -0.126259 0.378729 0.129664
0.115732 0.154765 0.241893 0.278596 -0.135023 0.177837 -0.0350226 0.277837 0.126872
0.118257 0.154765 0.244323 0.278596 -0.196996 0.243406 -0.0969962 0.343406 0.128764
0.120615 0.154765 0.246515 0.278596 -0.25458 0.303867 -0.15458 0.403867 0.131039
0.120615 0.154765 0.246515 0.278596 -0.171848 0.220458 -0.0718484 0.320458 0.127791
0.12306 0.154765 0.248798 0.278596 -0.231718 0.283317 -0.131718 0.383317 0.1299
0.119729 0.151434 0.245626 0.275424 -0.140243 0.182275 -0.0402431 0.282275 0.127024
0.116464 0.148169 0.242579 0.272377 -0.0518336 0.0847451 0.0481664 0.184745 0.125381
0.116464 0.148169 0.242579 0.272377 0.0242724 0.00891193 0.124272 0.108912 0.124944
0.116464 0.148169 0.242579 0.272377 0.096109 -0.0624529 0.196109 0.0375471 0.125559
0.116464 0.148169 0.242579 0.272377 0.163283 -0.129031 0.263283 -0.0290313 0.127029
0.113954 0.145659 0.240172 0.26997 0.23298 -0.204459 0.33298 -0.104459 0.129154
0.111741 0.143446 0.237869 0.267667 0.297724 -0.273649 0.397724 -0.173649 0.131734
0.115348 0.143446 0.2412 0.267667 0.213076 -0.183116 0.313076 -0.0831155 0.128271
0.115348 0.143446 0.2412 0.267667 0.272601 -0.241931 0.372601 -0.141931 0.130666
0.115348 0.146973 0.2412 0.270968 0.187397 -0.151174 0.287397 -0.0511743 0.127535
0.115348 0.150336 0.2412 0.274165 0.105075 -0.0636432 0.205075 0.0363568 0.125649
0.115348 0.153494 0.2412 0.277212 0.0264747 0.0195682 0.126475 0.119568 0.124947
0.115348 0.156444 0.2412 0.280064 -0.0478284 0.0977452 0.0521716 0.197745 0.125271
0.115348 0.156444 0.2412 0.280064 0.0273318 0.0218975 0.127332 0.121898 0.124965
0.112375 0.15347 0.238474 0.277338 0.106158 -0.0656091 0.206158 0.0343909 0.125692
0.115575 0.15347 0.241556 0.277338 0.0286732 0.0167959 0.128673 0.116796 0.124953
0.115575 0.15643 0.241556 0.280199 -0.0457473 0.0952056 0.0542527 0.195206 0.125244
0.118363 0.15643 0.244222 0.280199 -0.114409 0.167317 -0.0144093 0.267317 0.126366
0.120973 0.15643 0.246636 0.280199 -0.17847 0.2341 -0.07847 0.3341 0.128107
0.123428 0.15643 0.248797 0.280199 -0.238019 0.295736 -0.138019 0.395736 0.130279
0.120108 0.153109 0.245596 0.276998 -0.146306 0.194305 -0.0463058 0.294305 0.127276
0.122604 0.153109 0.24793 0.276998 -0.207563 0.258506 -0.107563 0.358506 0.129267
0.122604 0.153109 0.24793 0.276998 -0.125862 0.176155 -0.0258618 0.276155 0.126625
0.125172 0.153109 0.250339 0.276998 -0.189034 0.242348 -0.0890336 0.342348 0.128447
0.127579 0.153109 0.252501 0.276998 -0.247736 0.303414 -0.147736 0.403414 0.130674
0.129849 0.153109 0.254426 0.276998 -0.302194 0.359688 -0.202194 0.459688 0.133153
0.131995 0.153109 0.256131 0.276998 -0.352698 0.411567 -0.252698 0.511567 0.135766
0.131995 0.153109 0.256131 0.276998 -0.268731 0.326881 -0.168731 0.426881 0.131338
0.128652 0.149766 0.252937 0.273803 -0.176143 0.224851 -0.0761427 0.324851 0.127994
0.128652 0.149766 0.252937 0.273803 -0.095442 0.143782 0.00455796 0.243782 0.125871
0.128652 0.15241 0.252937 0.276344 -0.161684 0.213609 -0.0616843 0.313609 0.127404
0.128652 0.154876 0.252937 0.278643 -0.22333 0.278116 -0.12333 0.378116 0.129435
0.12534 0.151564 0.249776 0.275482 -0.131964 0.17731 -0.0319644 0.27731 0.126726
0.122097 0.148321 0.246749 0.272455 -0.043814 0.0802187 0.056186 0.180219 0.125252
0.122097 0.148321 0.246749 0.272455 0.0317992 0.00501119 0.131799 0.105011 0.12497
0.125125 0.148321 0.249672 0.272455 -0.0414762 0.0834638 0.0585238 0.183464 0.125202
0.127922 0.148321 0.2524 0.272455 -0.110235 0.156626 -0.0102347 0.256626 0.126272
0.124707 0.145106 0.249397 0.269452 -0.0230316 0.0604514 0.0769684 0.160451 0.125085
0.121629 0.142028 0.246575 0.26663 0.0599482 -0.0304323 0.159948 0.0695677 0.125059
0.118764 0.139163 0.243914 0.263969 0.138186 -0.115244 0.238186 -0.0152439 0.126029
0.122091 0.139163 0.246996 0.263969 0.0600874 -0.0310629 0.160087 0.0689371 0.125038
0.122091 0.14223 0.246996 0.266899 -0.014378 0.0488176 0.085622 0.148818 0.125102
0.124931 0.14223 0.249762 0.266899 -0.083753 0.122912 0.016247 0.222912 0.126046
0.124931 0.14223 0.249762 0.266899 -0.00584408 0.0448857 0.0941559 0.144886 0.125019
0.124931 0.14223 0.249762 0.266899 0.068074 -0.0289735 0.168074 0.0710265 0.125127
0.122057 0.139356 0.24712 0.264257 0.145355 -0.113643 0.245355 -0.0136434 0.126201
0.122057 0.142643 0.24712 0.267357 0.0658444 -0.0286889 0.165844 0.0713111 0.125082
0.119166 0.139753 0.244462 0.264699 0.143522 -0.113767 0.243522 -0.0137667 0.126078
0.116533 0.137119 0.241953 0.26219 0.216193 -0.192439 0.316193 -0.0924392 0.127856
0.119999 0.137119 0.245152 0.26219 0.134668 -0.105057 0.234668 -0.00505731 0.125826
0.123252 0.137119 0.248229 0.26219 0.0567646 -0.0217673 0.156765 0.0782327 0.124978
0.126272 0.137119 0.251141 0.26219 -0.0169375 0.0566405 0.0830625 0.15664 0.12518
0.126272 0.139912 0.251141 0.264888 -0.0864256 0.13003 0.0135744 0.23003 0.126233
0.12305 0.13669 0.248125 0.261872 0.000288724 0.0340695 0.100289 0.13407 0.125073
0.119965 0.133605 0.24529 0.259037 0.0827635 -0.0566085 0.182764 0.0433915 0.125068
0.123063 0.133605 0.248241 0.259037 0.00833678 0.0231264 0.108337 0.123126 0.125054
0.123063 0.133605 0.248241 0.259037 0.0825816 -0.0510486 0.182582 0.0489514 0.125088
0.120179 0.130721 0.245579 0.256375 0.160018 -0.135761 0.260018 -0.0357606 0.126104
0.120179 0.130721 0.245579 0.256375 0.225187 -0.200255 0.325187 -0.100255 0.127884
0.117814 0.128356 0.243191 0.253987 0.29253 -0.272655 0.39253 -0.172655 0.130227
0.121378 0.128356 0.246474 0.253987 0.208531 -0.182902 0.308531 -0.0829022 0.12725
0.124768 0.128356 0.249654 0.253987 0.127522 -0.0964433 0.227522 0.00355673 0.125507
0.124768 0.131527 0.249654 0.257023 0.0501818 -0.0142121 0.150182 0.0857879 0.124935
0.124768 0.134473 0.249654 0.259875 -0.0228438 0.0629758 0.0771562 0.162976 0.125367
0.124768 0.134473 0.249654 0.259875 0.0528752 -0.0132902 0.152875 0.0867098 0.124943
0.127731 0.134473 0.252527 0.259875 -0.0204647 0.0640696 0.0795353 0.16407 0.125292
0.124591 0.131333 0.249616 0.256964 0.0630779 -0.0286358 0.163078 0.0713642 0.124958
0.121621 0.128364 0.246895 0.254243 0.141985 -0.115485 0.241985 -0.015485 0.125666
0.121621 0.128364 0.246895 0.254243 0.208616 -0.181794 0.308616 -0.0817936 0.127211
0.119139 0.125881 0.244476 0.251824 0.27748 -0.25635 0.37748 -0.15635 0.129389
0.119139 0.125881 0.244476 0.251824 0.334776 -0.31295 0.434776 -0.21295 0.131985
0.119139 0.129461 0.244476 0.25516 0.249282 -0.221896 0.349282 -0.121896 0.128441
0.119139 0.132897 0.244476 0.258401 0.166319 -0.133616 0.266319 -0.033616 0.126139
0.119139 0.136134 0.244476 0.261513 0.0868017 -0.0493081 0.186802 0.0506919 0.125057
0.122174 0.136134 0.247426 0.261513 0.0119189 0.0297254 0.111919 0.129725 0.125061
0.122174 0.136134 0.247426 0.261513 0.085883 -0.0449387 0.185883 0.0550613 0.125079
0.125206 0.136134 0.25038 0.261513 0.0106629 0.0342815 0.110663 0.134282 0.125043
0.125206 0.138958 0.25038 0.264237 -0.0604025 0.108554 0.0395975 0.208554 0.12591
0.122006 0.135758 0.247369 0.261226 0.0252483 0.0132469 0.125248 0.113247 0.12499
0.122006 0.135758 0.247369 0.261226 0.0985672 -0.0605136 0.198567 0.0394864 0.125187
0.125088 0.135758 0.250356 0.261226 0.022718 0.0196941 0.122718 0.119694 0.124979
0.12202 0.13269 0.24754 0.25841 0.103892 -0.0703091 0.203892 0.0296909 0.1252
0.12202 0.135783 0.24754 0.261389 0.027759 0.0104377 0.127759 0.110438 0.124974
0.124903 0.135783 0.250333 0.261389 -0.0435342 0.0856437 0.0564658 0.185644 0.125685
0.127586 0.135783 0.252897 0.261389 -0.110222 0.155492 -0.010222 0.255492 0.127126
0.127586 0.135783 0.252897 0.261389 -0.0306519 0.075222 0.0693481 0.175222 0.125435
0.124429 0.132626 0.249963 0.258455 0.0535625 -0.0182224 0.153562 0.0817776 0.124938
0.124429 0.135584 0.249963 0.261315 -0.0195826 0.0592537 0.0804174 0.159254 0.12534
0.124429 0.13833 0.249963 0.26396 -0.0881451 0.131379 0.0118549 0.231379 0.126546
0.121185 0.135086 0.246919 0.260916 -0.000903195 0.0347216 0.0990968 0.134722 0.125184
0.123989 0.135086 0.249635 0.260916 -0.0698732 0.107836 0.0301268 0.207836 0.126236
0.123989 0.13768 0.249635 0.263399 -0.134535 0.175837 -0.0345351 0.275837 0.127929
0.126413 0.13768 0.251896 0.263399 -0.194325 0.238325 -0.0943245 0.338325 0.130068
0.123059 0.134326 0.248721 0.260224 -0.103043 0.137528 -0.00304325 0.237528 0.127134
0.119773 0.13104 0.245665 0.257168 -0.0147708 0.0401655 0.0852292 0.140165 0.125431
0.122521 0.13104 0.24834 0.257168 -0.0818984 0.111925 0.0181016 0.211925 0.126707
0.125053 0.13104 0.250806 0.257168 -0.144468 0.178321 -0.0444684 0.278321 0.128556
0.121714 0.1277 0.247688 0.254051 -0.0545278 0.0791241 0.0454722 0.179124 0.126189
0.118473 0.124459 0.24471 0.251073 0.0320036 -0.0159031 0.132004 0.0840969 0.12506
0.12136 0.124459 0.247482 0.251073 -0.037397 0.0588751 0.062603 0.158875 0.125954
0.12136 0.127102 0.247482 0.253657 -0.102318 0.128339 -0.0023178 0.228339 0.127521
0.12136 0.129537 0.247482 0.256031 -0.162737 0.192491 -0.0627372 0.292491 0.129577
0.12136 0.129537 0.247482 0.256031 -0.0806021 0.109926 0.0193979 0.209926 0.126817
0.123881 0.129537 0.249927 0.256031 -0.142879 0.175901 -0.0428787 0.275901 0.128699
0.126222 0.129537 0.252148 0.256031 -0.200744 0.236742 -0.100744 0.336742 0.130963
0.126222 0.129537 0.252148 0.256031 -0.117882 0.153303 -0.0178824 0.253303 0.127738
0.122911 0.126226 0.249056 0.252939 -0.0288911 0.0550009 0.0711089 0.155001 0.125733
0.122911 0.128905 0.249056 0.255545 -0.0948785 0.125304 0.00512154 0.225304 0.127196
0.119614 0.125608 0.245999 0.252488 -0.00664041 0.0279863 0.0933596 0.127986 0.125462
0.119614 0.128349 0.245999 0.25515 -0.0737289 0.0997971 0.0262711 0.199797 0.126761
0.119614 0.130872 0.245999 0.257606 -0.136256 0.166228 -0.0362564 0.266228 0.128626
0.121956 0.130872 0.248245 0.257606 -0.194096 0.227257 -0.0940963 0.327257 0.130879
0.121956 0.130872 0.248245 0.257606 -0.111254 0.143864 -0.0112538 0.243864 0.12768
0.118642 0.127558 0.24516 0.254521 -0.0223846 0.0457418 0.0776154 0.145742 0.125703
0.121334 0.127558 0.24778 0.254521 -0.0882378 0.116073 0.0117622 0.216073 0.12715
0.121334 0.127558 0.24778 0.254521 -0.00837477 0.0359515 0.0916252 0.135951 0.125443
0.121334 0.130294 0.24778 0.257172 -0.075842 0.107679 0.024158 0.207679 0.126727
0.118061 0.127021 0.244746 0.254138 0.0116023 0.0111163 0.111602 0.111116 0.125254
0.120859 0.127021 0.247455 0.254138 -0.0565458 0.0839499 0.0434542 0.18395 0.126383
0.120859 0.129595 0.247455 0.256635 -0.120283 0.151554 -0.0202835 0.251554 0.128127
0.120859 0.129595 0.247455 0.256635 -0.0393521 0.0701811 0.0606479 0.170181 0.125948
0.123501 0.129595 0.25001 0.256635 -0.104557 0.139184 -0.0045566 0.239184 0.127518
0.120195 0.12629 0.246926 0.253551 -0.015935 0.0411939 0.084065 0.141194 0.125621
0.122899 0.12629 0.249552 0.253551 -0.0822906 0.111867 0.0177094 0.211867 0.127021
0.122899 0.12629 0.249552 0.253551 -0.00264343 0.0318818 0.0973566 0.131882 0.125383
0.12565 0.12629 0.252215 0.253551 -0.0703817 0.103759 0.0296183 0.203759 0.126623
0.122384 0.123024 0.249185 0.25052 0.0168466 0.00732272 0.116847 0.107323 0.125212
0.125189 0.123024 0.251897 0.25052 -0.0517687 0.0805071 0.0482313 0.180507 0.126299
0.127775 0.123024 0.2544 0.25052 -0.115797 0.148303 -0.015797 0.248303 0.128013
0.130175 0.123024 0.256679 0.25052 -0.175335 0.210871 -0.0753347 0.310871 0.130167
0.130175 0.123024 0.256679 0.25052 -0.0928937 0.127826 0.00710634 0.227826 0.127201
0.126883 0.119731 0.253612 0.247453 -0.00471186 0.0302903 0.0952881 0.13029 0.125464
0.126883 0.119731 0.253612 0.247453 0.0716826 -0.046143 0.171683 0.053857 0.124935
0.126883 0.122713 0.253612 0.250313 -0.000728688 0.0311359 0.0992713 0.131136 0.12537
0.126883 0.125465 0.253612 0.252975 -0.0685884 0.10307 0.0314116 0.20307 0.126598
0.123619 0.122201 0.250581 0.249945 0.0185856 0.00662565 0.118586 0.106626 0.125203
0.120496 0.119078 0.247714 0.247077 0.101687 -0.0847186 0.201687 0.0152814 0.124986
0.120496 0.122151 0.247714 0.249977 0.0281751 -0.00576563 0.128175 0.0942344 0.12516
0.117384 0.119039 0.244855 0.247118 0.110955 -0.0966603 0.210955 0.00333966 0.125009
0.117384 0.122133 0.244855 0.250023 0.0371883 -0.0173575 0.137188 0.0826425 0.125124
0.120229 0.122133 0.247595 0.250023 -0.0319573 0.0565401 0.0680427 0.15654 0.126098
0.116989 0.118892 0.244612 0.24704 0.0540353 -0.0383138 0.154035 0.0616862 0.125032
0.113923 0.115827 0.24178 0.244208 0.135803 -0.127773 0.235803 -0.0277732 0.125115
0.111114 0.113018 0.239071 0.241499 0.21285 -0.211127 0.31285 -0.111127 0.126174
0.111114 0.113018 0.239071 0.241499 0.278136 -0.275264 0.378136 -0.175264 0.127983
0.111114 0.113018 0.239071 0.241499 0.338629 -0.334619 0.438629 -0.234619 0.130329
0.114719 0.113018 0.242325 0.241499 0.254769 -0.244791 0.354769 -0.144791 0.127316
0.114719 0.113018 0.242325 0.241499 0.316564 -0.306001 0.416564 -0.206001 0.129494
0.114719 0.113018 0.242325 0.241499 0.37368 -0.362533 0.47368 -0.262533 0.132099
0.11287 0.111168 0.240042 0.239217 0.432498 -0.424873 0.532498 -0.324873 0.13498
0.11287 0.111168 0.240042 0.239217 0.481119 -0.472859 0.581119 -0.372859 0.137976
0.11287 0.114789 0.240042 0.24266 0.394244 -0.380633 0.494244 -0.280633 0.133024
0.11287 0.118381 0.240042 0.246028 0.308478 -0.289416 0.408478 -0.189416 0.12918
0.116336 0.118381 0.243329 0.246028 0.225141 -0.200866 0.325141 -0.100866 0.126576
0.119611 0.118381 0.246495 0.246028 0.14501 -0.116033 0.24501 -0.0160332 0.125211
0.116697 0.115467 0.243867 0.2434 0.220615 -0.199768 0.320615 -0.0997685 0.12639
0.116697 0.115467 0.243867 0.2434 0.284448 -0.263944 0.384448 -0.163944 0.128287
0.114304 0.113074 0.241522 0.241055 0.350084 -0.335343 0.450084 -0.235343 0.130715
0.117839 0.113074 0.244843 0.241055 0.26553 -0.245423 0.36553 -0.145423 0.127568
0.117839 0.116444 0.244843 0.244276 0.183949 -0.158821 0.283949 -0.0588207 0.125665
0.117839 0.116444 0.244843 0.244276 0.250183 -0.225716 0.350183 -0.125716 0.127206
0.115273 0.113878 0.242449 0.241883 0.318338 -0.300466 0.418338 -0.200466 0.129383
0.113018 0.111623 0.24015 0.239583 0.381637 -0.369002 0.481637 -0.269002 0.131994
0.116587 0.111623 0.243502 0.239583 0.296367 -0.278355 0.396367 -0.178355 0.128449
0.116587 0.115048 0.243502 0.242846 0.213752 -0.190625 0.313752 -0.0906252 0.126143
0.116587 0.115048 0.243502 0.242846 0.278233 -0.255757 0.378233 -0.155757 0.127935
0.114114 0.112574 0.241157 0.2405 0.344521 -0.328271 0.444521 -0.228271 0.13029
0.114114 0.112574 0.241157 0.2405 0.399798 -0.383758 0.499798 -0.283758 0.132997
0.114114 0.112574 0.241157 0.2405 0.450788 -0.434903 0.550788 -0.334903 0.135912
0.114114 0.112574 0.241157 0.2405 0.49783 -0.482057 0.59783 -0.382057 0.138925
0.112692 0.111153 0.23915 0.238494 0.546778 -0.533739 0.646778 -0.433739 0.141978
0.112692 0.114728 0.23915 0.241985 0.459702 -0.44162 0.559702 -0.34162 0.136378
0.112692 0.114728 0.23915 0.241985 0.506044 -0.488319 0.606044 -0.388319 0.139392
0.111247 0.113283 0.237197 0.240032 0.554315 -0.539491 0.654315 -0.439491 0.142442
0.114819 0.113283 0.240691 0.240032 0.467251 -0.447462 0.567251 -0.347462 0.136778
0.114819 0.116871 0.240691 0.243485 0.380325 -0.355426 0.480325 -0.255426 0.132051
0.114819 0.116871 0.240691 0.243485 0.432376 -0.408364 0.532376 -0.308364 0.134906
0.114819 0.116871 0.240691 0.243485 0.480405 -0.457143 0.580405 -0.357143 0.137896
0.114819 0.116871 0.240691 0.243485 0.524761 -0.50213 0.624761 -0.40213 0.140927
0.114819 0.120455 0.240691 0.246964 0.43745 -0.409767 0.53745 -0.309767 0.135475
0.112935 0.118571 0.238749 0.245023 0.490486 -0.467294 0.590486 -0.367294 0.1385
0.112935 0.122158 0.238749 0.248488 0.403169 -0.374906 0.503169 -0.274906 0.133449
0.110878 0.120101 0.236746 0.246485 0.459075 -0.4359 0.559075 -0.3359 0.136406
0.11446 0.120101 0.240204 0.246485 0.372282 -0.34405 0.472282 -0.24405 0.131762
0.11446 0.120101 0.240204 0.246485 0.424705 -0.397516 0.524705 -0.297516 0.134597
0.11446 0.120101 0.240204 0.246485 0.473079 -0.446778 0.573079 -0.346778 0.137577
0.112754 0.118395 0.238309 0.244591 0.523388 -0.50098 0.623388 -0.40098 0.140632
0.112754 0.118395 0.238309 0.244591 0.56471 -0.542877 0.66471 -0.442877 0.143644
0.112754 0.118395 0.238309 0.244591 0.603008 -0.581657 0.703008 -0.481657 0.14659
0.116275 0.118395 0.241807 0.244591 0.516439 -0.490263 0.616439 -0.390263 0.14045
0.119862 0.118395 0.245286 0.244591 0.429141 -0.39794 0.529141 -0.29794 0.135067
0.123407 0.118395 0.248735 0.244591 0.342279 -0.306145 0.442279 -0.206145 0.130713
0.123407 0.118395 0.248735 0.244591 0.396238 -0.361486 0.496238 -0.261486 0.133459
0.121293 0.116281 0.246777 0.242633 0.452088 -0.422776 0.552088 -0.322776 0.136418
0.124861 0.116281 0.250231 0.242633 0.364919 -0.330593 0.464919 -0.230593 0.131771
0.124861 0.116281 0.250231 0.242633 0.417239 -0.384117 0.517239 -0.284117 0.134607
0.124861 0.116281 0.250231 0.242633 0.465521 -0.433428 0.565521 -0.333428 0.137587
0.124861 0.11986 0.250231 0.246099 0.378379 -0.341213 0.478379 -0.241213 0.132704
0.128349 0.11986 0.253652 0.246099 0.292104 -0.250154 0.392104 -0.150154 0.12895
0.131681 0.11986 0.256986 0.246099 0.20803 -0.161825 0.30803 -0.0618251 0.126442
0.128867 0.117046 0.254599 0.243712 0.278083 -0.240405 0.378083 -0.140405 0.128371
0.128867 0.120386 0.254599 0.247014 0.195085 -0.152939 0.295085 -0.0529393 0.1261
0.132006 0.120386 0.257746 0.247014 0.115186 -0.069319 0.215186 0.030681 0.125049
0.132006 0.12334 0.257746 0.249966 0.039742 0.00915671 0.139742 0.109157 0.125078
0.132006 0.12334 0.257746 0.249966 0.113492 -0.0660543 0.213492 0.0339457 0.125077
0.132006 0.126306 0.257746 0.252921 0.0378047 0.0127309 0.137805 0.112731 0.125058
0.128874 0.123174 0.254886 0.25006 0.119361 -0.0786986 0.219361 0.0213014 0.125097
0.128874 0.126179 0.254886 0.253023 0.0437474 0.000561651 0.143747 0.100562 0.125035
0.128874 0.128987 0.254886 0.25576 -0.0273895 0.0745926 0.0726105 0.174593 0.125887
0.125657 0.125771 0.251883 0.252757 0.0580179 -0.0206541 0.158018 0.0793459 0.124987
0.122576 0.122689 0.249075 0.249949 0.139022 -0.110475 0.239022 -0.0104746 0.125202
0.122576 0.122689 0.249075 0.249949 0.207823 -0.179491 0.307823 -0.079491 0.126361
0.119938 0.120051 0.246597 0.247471 0.278937 -0.257194 0.378937 -0.157194 0.128259
0.119938 0.123498 0.246597 0.250697 0.196399 -0.169271 0.296399 -0.069271 0.126042
0.119938 0.123498 0.246597 0.250697 0.261473 -0.2345 0.361473 -0.1345 0.127783
0.12333 0.123498 0.24982 0.250697 0.179417 -0.147342 0.279417 -0.0473425 0.125779
0.126513 0.123498 0.252903 0.250697 0.100967 -0.0643806 0.200967 0.0356194 0.124966
0.126513 0.126466 0.252903 0.253599 0.0268245 0.0135866 0.126825 0.113587 0.125198
0.123367 0.12332 0.25002 0.250715 0.109651 -0.0784915 0.209651 0.0215085 0.12499
0.120406 0.120359 0.247318 0.248014 0.187798 -0.164648 0.287798 -0.0646478 0.125801
0.117705 0.117658 0.24476 0.245456 0.260997 -0.244448 0.360997 -0.144448 0.127436
0.117705 0.117658 0.24476 0.245456 0.322407 -0.305407 0.422407 -0.205407 0.129664
0.121232 0.117658 0.248029 0.245456 0.238607 -0.216079 0.338607 -0.116079 0.126883
0.118699 0.115126 0.245573 0.243 0.308143 -0.291648 0.408143 -0.191648 0.128957
0.116485 0.112911 0.243203 0.24063 0.372752 -0.360979 0.472752 -0.260979 0.131506
0.116485 0.116502 0.243203 0.243946 0.287829 -0.270469 0.387829 -0.170469 0.12811
0.116485 0.116502 0.243203 0.243946 0.347565 -0.330055 0.447565 -0.230055 0.130477
0.116485 0.116502 0.243203 0.243946 0.402725 -0.38504 0.502725 -0.28504 0.133201
0.120073 0.116502 0.246577 0.243946 0.316756 -0.293729 0.416756 -0.193729 0.129315
0.120073 0.116502 0.246577 0.243946 0.373847 -0.351009 0.473847 -0.251009 0.13189
0.120073 0.120048 0.246577 0.247307 0.288423 -0.260342 0.388423 -0.160342 0.128372
0.117645 0.11762 0.244272 0.245003 0.353915 -0.3319 0.453915 -0.2319 0.130812
0.11553 0.115504 0.24205 0.24278 0.414665 -0.397427 0.514665 -0.297427 0.133592
0.11553 0.115504 0.24205 0.24278 0.464914 -0.447622 0.564914 -0.347622 0.136539
0.119136 0.115504 0.245483 0.24278 0.377985 -0.355481 0.477985 -0.255481 0.131867
0.122669 0.115504 0.248848 0.24278 0.29244 -0.264806 0.39244 -0.164806 0.128351
0.122669 0.118889 0.248848 0.246056 0.209636 -0.177201 0.309636 -0.0772014 0.126088
0.125851 0.118889 0.251986 0.246056 0.130125 -0.0935464 0.230125 0.00645358 0.125043
0.128825 0.118889 0.254936 0.246056 0.0547179 -0.0147231 0.154718 0.0852769 0.125077
0.125684 0.115749 0.252082 0.243202 0.136429 -0.105865 0.236429 -0.00586473 0.12507
0.125684 0.115749 0.252082 0.243202 0.206054 -0.176192 0.306054 -0.0761918 0.126038
0.125684 0.115749 0.252082 0.243202 0.270922 -0.241673 0.370922 -0.141673 0.127782
0.123185 0.11325 0.249742 0.240862 0.3378 -0.314891 0.4378 -0.214891 0.130104
0.123185 0.116747 0.249742 0.24418 0.253595 -0.225493 0.353595 -0.125493 0.127163
0.120616 0.114178 0.247351 0.241788 0.32205 -0.300518 0.42205 -0.200518 0.129326
0.118357 0.111919 0.245054 0.239492 0.38563 -0.369314 0.48563 -0.269314 0.13193
0.118357 0.115488 0.245054 0.242842 0.300373 -0.278709 0.400373 -0.178709 0.128403
0.118357 0.118907 0.245054 0.2461 0.217618 -0.190916 0.317618 -0.0909161 0.126117
0.118357 0.118907 0.245054 0.2461 0.282239 -0.256133 0.382239 -0.156133 0.127897
0.115882 0.116432 0.242711 0.243757 0.348793 -0.328883 0.448793 -0.228883 0.130245
0.115882 0.116432 0.242711 0.243757 0.404193 -0.38445 0.504193 -0.28445 0.132946
0.115882 0.12 0.242711 0.247138 0.31825 -0.293269 0.41825 -0.193269 0.129128
0.119316 0.12 0.24601 0.247138 0.234679 -0.204761 0.334679 -0.104761 0.126545
0.122559 0.12 0.249186 0.247138 0.154318 -0.120016 0.254318 -0.0200162 0.125199
0.119622 0.117063 0.246567 0.244519 0.230057 -0.204116 0.330057 -0.104116 0.126366
0.119622 0.117063 0.246567 0.244519 0.293907 -0.268503 0.393907 -0.168503 0.128252
0.119622 0.117063 0.246567 0.244519 0.353024 -0.328068 0.453024 -0.228068 0.130656
0.119622 0.120561 0.246567 0.24786 0.268235 -0.238185 0.368235 -0.138185 0.127525
0.122947 0.120561 0.249804 0.24786 0.186279 -0.151609 0.286279 -0.051609 0.125644
0.122947 0.120561 0.249804 0.24786 0.252484 -0.218761 0.352484 -0.118761 0.127174
0.126231 0.120561 0.253025 0.24786 0.170882 -0.132718 0.270882 -0.032718 0.125472
0.12931 0.120561 0.256082 0.24786 0.0930424 -0.0511286 0.193042 0.0488714 0.124936
0.126243 0.117493 0.25333 0.245108 0.172362 -0.139642 0.272362 -0.0396416 0.125457
0.126243 0.120606 0.25333 0.248158 0.0950485 -0.0581648 0.195049 0.0418352 0.124934
0.126243 0.123507 0.25333 0.25101 0.0220532 0.0182519 0.122053 0.118252 0.125409
0.128946 0.123507 0.255948 0.25101 -0.0464211 0.0893947 0.0535789 0.189395 0.12667
0.125676 0.120237 0.252889 0.24795 0.0406964 -0.00752935 0.140696 0.0924706 0.125236
0.125676 0.120237 0.252889 0.24795 0.115897 -0.083328 0.215897 0.016672 0.124975
0.125676 0.120237 0.252889 0.24795 0.186675 -0.154629 0.286675 -0.0546287 0.125742
0.122905 0.117465 0.250355 0.245417 0.259953 -0.235237 0.359953 -0.135237 0.127341
0.126272 0.117465 0.253546 0.245417 0.178382 -0.148583 0.278382 -0.0485828 0.125555
0.126272 0.117465 0.253546 0.245417 0.245268 -0.215835 0.345268 -0.115835 0.127022
0.126272 0.12079 0.253546 0.248606 0.164285 -0.129979 0.264285 -0.029979 0.125402
0.126272 0.12079 0.253546 0.248606 0.231779 -0.198061 0.331779 -0.0980612 0.126756
0.126272 0.12407 0.253546 0.251785 0.151065 -0.112703 0.251065 -0.0127026 0.125284
0.126272 0.12407 0.253546 0.251785 0.219103 -0.181499 0.319103 -0.0814995 0.126534
0.126272 0.127313 0.253546 0.254952 0.138635 -0.0965863 0.238635 0.00341368 0.125195
0.126272 0.127313 0.253546 0.254952 0.207159 -0.165999 0.307159 -0.0659994 0.12635
0.129483 0.127313 0.2567 0.254952 0.126947 -0.0815241 0.226947 0.0184759 0.125127
0.132489 0.127313 0.259671 0.254952 0.0507588 -0.00179788 0.150759 0.0982021 0.12501
0.135299 0.127313 0.262416 0.254952 -0.0209546 0.0727043 0.0790454 0.172704 0.12581
0.135299 0.127313 0.262416 0.254952 0.0560537 -0.00535212 0.156054 0.0946479 0.124973
0.138136 0.127313 0.265188 0.254952 -0.0164009 0.0699784 0.0835991 0.169978 0.125649
0.134945 0.124121 0.262217 0.251981 0.0685351 -0.0248233 0.168535 0.0751767 0.124949
0.134945 0.127014 0.262217 0.254801 -0.00392822 0.0512098 0.0960718 0.15121 0.125513
0.134945 0.127014 0.262217 0.254801 0.072347 -0.0258135 0.172347 0.0741865 0.124937
0.137847 0.127014 0.26505 0.254801 -0.000999277 0.0509999 0.0990007 0.151 0.12541
0.137847 0.127014 0.26505 0.254801 0.0748717 -0.0256641 0.174872 0.0743359 0.124941
0.137847 0.129938 0.26505 0.257658 0.00127558 0.0514148 0.101276 0.151415 0.125327
0.137847 0.129938 0.26505 0.257658 0.0767806 -0.0249246 0.176781 0.0750754 0.124953
0.137847 0.129938 0.26505 0.257658 0.147904 -0.0968304 0.247904 0.00316959 0.125615
0.135017 0.127107 0.262526 0.255134 0.221988 -0.179022 0.321988 -0.0790224 0.127132
0.138328 0.127107 0.265716 0.255134 0.140235 -0.0924996 0.240235 0.00750044 0.125452
0.138328 0.13022 0.265716 0.258172 0.0626502 -0.0107406 0.16265 0.0892594 0.124933
0.138328 0.13022 0.265716 0.258172 0.134599 -0.0834074 0.234599 0.0165926 0.125434
0.138328 0.13022 0.265716 0.258172 0.201878 -0.151324 0.301878 -0.0513236 0.12681
0.138328 0.133483 0.265716 0.261354 0.120702 -0.0656733 0.220702 0.0343267 0.125307
0.138328 0.133483 0.265716 0.261354 0.188555 -0.134312 0.288555 -0.0343116 0.12658
0.138328 0.133483 0.265716 0.261354 0.251631 -0.198076 0.351631 -0.0980764 0.128545
0.135848 0.131004 0.263495 0.259134 0.317145 -0.270315 0.417145 -0.170315 0.13102
0.135848 0.134496 0.263495 0.26248 0.231664 -0.179746 0.331664 -0.0797456 0.127771
0.135848 0.137823 0.263495 0.265719 0.148897 -0.0923526 0.248897 0.00764741 0.125771
0.135848 0.140955 0.263495 0.268798 0.0697323 -0.00922865 0.169732 0.0907713 0.124966
0.135848 0.143891 0.263495 0.271667 -0.00520135 0.0689078 0.0947987 0.168908 0.125204
0.135848 0.143891 0.263495 0.271667 0.0696002 -0.00688123 0.1696 0.0931188 0.124992
0.132861 0.140904 0.2608 0.268972 0.148155 -0.0946574 0.248155 0.00534264 0.125795
0.132861 0.144061 0.2608 0.272047 0.0689892 -0.0112081 0.168989 0.0887919 0.124969
0.132861 0.144061 0.2608 0.272047 0.139727 -0.0825945 0.239727 0.0174055 0.125725
0.132861 0.147196 0.2608 0.275111 0.0606017 0.000629811 0.160602 0.10063 0.124957
0.132861 0.150131 0.2608 0.277967 -0.0142604 0.0788398 0.0857396 0.17884 0.125228
0.135624 0.150131 0.263428 0.277967 -0.0840209 0.151288 0.0159791 0.251288 0.126332
0.138221 0.150131 0.265797 0.277967 -0.149105 0.218389 -0.0491051 0.318389 0.128061
0.138221 0.150131 0.265797 0.277967 -0.0683989 0.136895 0.0316011 0.236895 0.125918
0.138221 0.150131 0.265797 0.277967 0.00894405 0.0587505 0.108944 0.15875 0.124993
0.138221 0.152969 0.265797 0.280689 -0.0635146 0.134124 0.0364854 0.234124 0.12573
0.138221 0.155637 0.265797 0.283153 -0.13128 0.204095 -0.0312798 0.304095 0.127194
0.135002 0.152417 0.262688 0.280045 -0.0421398 0.104914 0.0578602 0.204914 0.125468
0.131868 0.149283 0.259765 0.277122 0.042999 0.0104473 0.142999 0.110447 0.124937
0.13482 0.149283 0.262621 0.277122 -0.03012 0.0878595 0.06988 0.18786 0.125361
0.13482 0.149283 0.262621 0.277122 0.0458215 0.0117255 0.145822 0.111725 0.124943
0.13778 0.149283 0.265487 0.277122 -0.0279259 0.0895481 0.0720741 0.189548 0.125287
0.140536 0.149283 0.268127 0.277122 -0.0970838 0.162026 0.00291616 0.262026 0.126449
0.143111 0.149283 0.270521 0.277122 -0.16158 0.229132 -0.0615804 0.329132 0.12822
0.139846 0.146018 0.267397 0.273998 -0.0709681 0.128799 0.0290319 0.228799 0.126
0.139846 0.14864 0.267397 0.276506 -0.136898 0.198068 -0.0368979 0.298068 0.127586
0.139846 0.151086 0.267397 0.278774 -0.19823 0.262041 -0.0982304 0.362041 0.129657
0.142144 0.151086 0.269439 0.278774 -0.254895 0.3208 -0.154895 0.4208 0.132042
0.14431 0.151086 0.271256 0.278774 -0.307444 0.37495 -0.207444 0.47495 0.134608
0.146357 0.151086 0.272869 0.278774 -0.356188 0.424904 -0.256188 0.524904 0.137257
0.148297 0.151086 0.274301 0.278774 -0.401449 0.471072 -0.301449 0.571072 0.139921
0.148297 0.151086 0.274301 0.278774 -0.317241 0.386345 -0.217241 0.486345 0.134783
0.144915 0.147704 0.271153 0.275626 -0.222698 0.282812 -0.122698 0.382812 0.130557
0.141577 0.144366 0.268015 0.272488 -0.129917 0.180828 -0.0299171 0.280828 0.127452
0.144002 0.144366 0.27041 0.272488 -0.190877 0.24558 -0.0908767 0.34558 0.129491
0.140673 0.141037 0.267303 0.26938 -0.0988837 0.144501 0.00111633 0.244501 0.126758
0.140673 0.141037 0.267303 0.26938 -0.0192357 0.0652795 0.0807643 0.16528 0.12527
0.140673 0.141037 0.267303 0.26938 0.0567262 -0.0100097 0.156726 0.0899903 0.124964
0.137759 0.138123 0.264623 0.266701 0.136793 -0.0971721 0.236793 0.00282795 0.125695
0.137759 0.141378 0.264623 0.269738 0.0587342 -0.0133899 0.158734 0.0866101 0.124961
0.137759 0.141378 0.264623 0.269738 0.130516 -0.0843914 0.230516 0.0156086 0.125641
0.137759 0.141378 0.264623 0.269738 0.197587 -0.150605 0.297587 -0.0506047 0.127165
0.137759 0.141378 0.264623 0.269738 0.259844 -0.211993 0.359844 -0.111993 0.129315
0.141241 0.141378 0.267888 0.269738 0.175601 -0.122427 0.275601 -0.0224266 0.126664
0.141241 0.144674 0.267888 0.272883 0.0945992 -0.0364642 0.194599 0.0635358 0.125245
0.138391 0.141824 0.265297 0.270292 0.171482 -0.121091 0.271482 -0.0210915 0.126461
0.135791 0.139225 0.262867 0.267862 0.243302 -0.199229 0.343302 -0.0992293 0.128401
0.133484 0.136917 0.260554 0.265548 0.310093 -0.27099 0.410093 -0.17099 0.130854
0.131482 0.134916 0.258323 0.263317 0.372033 -0.336727 0.472033 -0.236727 0.13364
0.131482 0.134916 0.258323 0.263317 0.422789 -0.386232 0.522789 -0.286232 0.136588
0.129991 0.133424 0.25625 0.261244 0.475872 -0.44167 0.575872 -0.34167 0.139633
0.129991 0.133424 0.25625 0.261244 0.519094 -0.48383 0.619094 -0.38383 0.142657
0.133534 0.133424 0.259737 0.261244 0.43127 -0.391261 0.53127 -0.291261 0.136964
0.137131 0.133424 0.263162 0.261244 0.343578 -0.298518 0.443578 -0.198518 0.1322
0.135123 0.131416 0.261058 0.259141 0.402761 -0.362044 0.502761 -0.262044 0.135083
0.1334 0.129693 0.25902 0.257103 0.457584 -0.420206 0.557584 -0.320206 0.138106
0.1334 0.129693 0.25902 0.257103 0.502319 -0.464321 0.602319 -0.364321 0.141138
0.1334 0.133263 0.25902 0.260573 0.414428 -0.37157 0.514428 -0.27157 0.135656
0.1334 0.133263 0.25902 0.260573 0.461995 -0.418859 0.561995 -0.318859 0.138656
0.1334 0.133263 0.25902 0.260573 0.505908 -0.46252 0.605908 -0.36252 0.141684
0.1334 0.136826 0.25902 0.264044 0.4179 -0.36969 0.5179 -0.26969 0.136122
0.1334 0.136826 0.25902 0.264044 0.464705 -0.41654 0.564705 -0.31654 0.139132
0.1334 0.140401 0.25902 0.267497 0.376582 -0.323533 0.476582 -0.223533 0.133969
0.136934 0.140401 0.262435 0.267497 0.289471 -0.231646 0.389471 -0.131646 0.129879
0.136934 0.140401 0.262435 0.267497 0.345268 -0.288059 0.445268 -0.188059 0.132532
0.136934 0.143891 0.262435 0.270889 0.258433 -0.196531 0.358433 -0.0965306 0.128826
0.136934 0.143891 0.262435 0.270889 0.316142 -0.255037 0.416142 -0.155037 0.131332
0.136934 0.147335 0.262435 0.274261 0.229758 -0.164118 0.329758 -0.064118 0.127982
0.136934 0.150617 0.262435 0.27752 0.145977 -0.0763536 0.245977 0.0236464 0.125887
0.134098 0.147782 0.259967 0.275051 0.219043 -0.15812 0.319043 -0.0581201 0.127569
0.131503 0.145187 0.257682 0.272766 0.287098 -0.233363 0.387098 -0.133363 0.129836
0.131503 0.145187 0.257682 0.272766 0.343209 -0.28961 0.443209 -0.18961 0.132486
0.135023 0.145187 0.261067 0.272766 0.256792 -0.198343 0.356792 -0.0983427 0.128794
0.138398 0.145187 0.264358 0.272766 0.172709 -0.109794 0.272709 -0.00979427 0.126345
0.138398 0.148372 0.264358 0.275904 0.0917196 -0.0249152 0.19172 0.0750848 0.125126
0.138398 0.148372 0.264358 0.275904 0.160762 -0.0947514 0.260762 0.0052486 0.126195
0.138398 0.151533 0.264358 0.279025 0.0799805 -0.0102205 0.17998 0.0897795 0.125075
0.138398 0.154505 0.264358 0.281938 0.00331304 0.0694597 0.103313 0.16946 0.12505
0.138398 0.1573 0.264358 0.284603 -0.0687993 0.143857 0.0312007 0.243857 0.125921
0.141047 0.1573 0.266776 0.284603 -0.135654 0.21242 -0.0356538 0.31242 0.127479
0.141047 0.1573 0.266776 0.284603 -0.0555479 0.131608 0.0444521 0.231608 0.125613
0.143739 0.1573 0.269266 0.284603 -0.123749 0.201739 -0.0237488 0.301739 0.126995
0.146282 0.1573 0.27149 0.284603 -0.187247 0.266598 -0.087247 0.366598 0.128926
0.146282 0.1573 0.27149 0.284603 -0.105629 0.18441 -0.00562876 0.28441 0.126421
0.148878 0.1573 0.273812 0.284603 -0.170877 0.251289 -0.0708766 0.351289 0.128168
0.151334 0.1573 0.275875 0.284603 -0.231493 0.313035 -0.131493 0.413035 0.130348
0.151334 0.1573 0.275875 0.284603 -0.148854 0.229944 -0.0488538 0.329944 0.127327
0.148135 0.154101 0.272757 0.281485 -0.0589483 0.130291 0.0410517 0.230291 0.125528
0.150838 0.154101 0.275321 0.281485 -0.127296 0.201431 -0.0272957 0.301431 0.126855
0.15337 0.154101 0.277635 0.281485 -0.190951 0.267241 -0.0909514 0.367241 0.128751
0.155753 0.154101 0.279703 0.281485 -0.250055 0.327959 -0.150055 0.427959 0.131023
0.158001 0.154101 0.281538 0.281485 -0.304851 0.383935 -0.204851 0.483935 0.133526
0.158001 0.154101 0.281538 0.281485 -0.220885 0.2997 -0.120885 0.3997 0.129596
0.158001 0.156432 0.281538 0.283459 -0.278274 0.358616 -0.178274 0.458616 0.131967
0.158001 0.156432 0.281538 0.283459 -0.194778 0.274886 -0.0947782 0.374886 0.128447
0.158001 0.158838 0.281538 0.285555 -0.254606 0.336472 -0.154606 0.436472 0.130668
0.158001 0.158838 0.281538 0.285555 -0.171684 0.253346 -0.0716842 0.353346 0.127539
0.154799 0.155636 0.278434 0.282452 -0.0810419 0.153356 0.0189581 0.253356 0.125631
0.157478 0.155636 0.281006 0.282452 -0.14881 0.224306 -0.0488099 0.324306 0.12703
0.159978 0.155636 0.283335 0.282452 -0.2119 0.289918 -0.1119 0.389918 0.128972
0.159978 0.157983 0.283335 0.284538 -0.270378 0.350416 -0.170378 0.450416 0.131275
0.159978 0.160195 0.283335 0.286394 -0.324604 0.406175 -0.224604 0.506175 0.133796
0.159978 0.162285 0.283335 0.28804 -0.374883 0.457602 -0.274883 0.557602 0.136428
0.159978 0.164264 0.283335 0.289501 -0.42154 0.505109 -0.32154 0.605109 0.139092
0.161851 0.164264 0.284643 0.289501 -0.464815 0.549019 -0.364815 0.649019 0.141735
0.1584 0.160813 0.281696 0.286554 -0.369062 0.445789 -0.269062 0.545789 0.136367
0.1584 0.162725 0.281696 0.288126 -0.415517 0.493646 -0.315517 0.593646 0.139023
0.1584 0.164537 0.281696 0.289528 -0.458708 0.537929 -0.358708 0.637929 0.141668
0.1584 0.166257 0.281696 0.290781 -0.498938 0.579009 -0.398938 0.679009 0.144255
0.15493 0.162786 0.278819 0.287904 -0.40369 0.476593 -0.30369 0.576593 0.138617
0.156695 0.162786 0.280343 0.287904 -0.447025 0.521499 -0.347025 0.621499 0.141262
0.156695 0.164465 0.280343 0.289257 -0.487501 0.563211 -0.387501 0.663211 0.14386
0.156695 0.166061 0.280343 0.290469 -0.525284 0.601981 -0.425284 0.701981 0.14638
0.156695 0.166061 0.280343 0.290469 -0.442315 0.518496 -0.342315 0.618496 0.140553
0.153276 0.162642 0.277326 0.287452 -0.346566 0.414987 -0.246566 0.514987 0.135329
0.149898 0.159264 0.274205 0.284331 -0.251129 0.311209 -0.151129 0.411209 0.130983
0.146551 0.155918 0.271107 0.281233 -0.157204 0.20893 -0.0572036 0.30893 0.127747
0.146551 0.155918 0.271107 0.281233 -0.0759392 0.128703 0.0240608 0.228703 0.125747
0.146551 0.155918 0.271107 0.281233 0.00204872 0.0521118 0.102049 0.152112 0.124962
0.149469 0.155918 0.273966 0.281233 -0.0697967 0.129154 0.0302033 0.229154 0.1256
0.14634 0.152788 0.271098 0.278366 0.0172005 0.0345629 0.117201 0.134563 0.12494
0.14634 0.152788 0.271098 0.278366 0.0905941 -0.0371808 0.190594 0.0628192 0.125379
0.14634 0.155959 0.271098 0.281376 0.0132023 0.0455268 0.113202 0.145527 0.124946
0.14634 0.158885 0.271098 0.284224 -0.0597351 0.123136 0.0402649 0.223136 0.125484
0.143226 0.155772 0.268224 0.281349 0.0266706 0.0287873 0.126671 0.128787 0.124935
0.140287 0.152833 0.265525 0.278651 0.108461 -0.0597671 0.208461 0.0402329 0.12547
0.137592 0.150138 0.262975 0.2761 0.185244 -0.142 0.285244 -0.0420005 0.126889
0.137592 0.150138 0.262975 0.2761 0.248883 -0.203518 0.348883 -0.103518 0.12896
0.137592 0.150138 0.262975 0.2761 0.307728 -0.260393 0.407728 -0.160393 0.131482
0.137592 0.153708 0.262975 0.279399 0.221416 -0.168849 0.321416 -0.0688493 0.128091
0.137592 0.153708 0.262975 0.279399 0.281787 -0.227825 0.381787 -0.127825 0.130451
0.141116 0.153708 0.266277 0.279399 0.196465 -0.137481 0.296465 -0.0374813 0.127391
0.144475 0.153708 0.269472 0.279399 0.114113 -0.0503911 0.214113 0.0496089 0.125575
0.147628 0.153708 0.272518 0.279399 0.0355615 0.0323777 0.135562 0.132378 0.124937
0.147628 0.153708 0.272518 0.279399 0.107551 -0.0393003 0.207551 0.0606997 0.125536
0.147628 0.153708 0.272518 0.279399 0.174822 -0.106228 0.274822 -0.00622832 0.126991
0.147628 0.156986 0.272518 0.282574 0.0924597 -0.019637 0.19246 0.080363 0.125387
0.147628 0.160067 0.272518 0.285575 0.0140091 0.062433 0.114009 0.162433 0.124936
0.144637 0.157076 0.26975 0.282807 0.0956011 -0.0278199 0.195601 0.0721801 0.125381
0.144637 0.160173 0.26975 0.28581 0.0173425 0.0543935 0.117342 0.154394 0.124936
0.147539 0.160173 0.272561 0.28581 -0.0559993 0.131069 0.0440007 0.231069 0.125472
0.147539 0.160173 0.272561 0.28581 0.020504 0.0546033 0.120504 0.154603 0.124936
0.147539 0.163081 0.272561 0.288621 -0.0538796 0.132144 0.0461204 0.232144 0.125377
0.15027 0.163081 0.275146 0.288621 -0.123127 0.203939 -0.0231273 0.303939 0.126615
0.152833 0.163081 0.277477 0.288621 -0.187654 0.270402 -0.0876539 0.370402 0.128439
0.149604 0.159852 0.274336 0.285479 -0.0958859 0.169359 0.00411415 0.269359 0.126125
0.146445 0.156693 0.271349 0.282492 -0.00775369 0.0724185 0.0922463 0.172418 0.125038
0.146445 0.156693 0.271349 0.282492 0.066787 -0.00143137 0.166787 0.0985686 0.125101
0.149499 0.156693 0.274303 0.282492 -0.00938384 0.0789177 0.0906162 0.178918 0.125023
0.149499 0.156693 0.274303 0.282492 0.0649126 0.00508022 0.164913 0.10508 0.125118
0.149499 0.156693 0.274303 0.282492 0.134643 -0.0641408 0.234643 0.0358592 0.126174
0.152716 0.156693 0.277416 0.282492 0.0541053 0.0205748 0.154105 0.120575 0.125067
0.152716 0.159702 0.277416 0.285413 -0.022388 0.100631 0.077612 0.200631 0.125048
0.152716 0.162515 0.277416 0.288107 -0.0942955 0.175417 0.00570447 0.275417 0.125926
0.155356 0.162515 0.279871 0.288107 -0.161189 0.24457 -0.061189 0.34457 0.127489
0.155356 0.162515 0.279871 0.288107 -0.0807388 0.164068 0.0192612 0.264068 0.125613
0.155356 0.1652 0.279871 0.290611 -0.149276 0.234903 -0.0492763 0.334903 0.127002
0.155356 0.1652 0.279871 0.290611 -0.0694905 0.155058 0.0305095 0.255058 0.12538
0.155356 0.1652 0.279871 0.290611 0.0065832 0.0789523 0.106583 0.178952 0.124945
0.158285 0.1652 0.282691 0.290611 -0.0682233 0.156691 0.0317767 0.256691 0.125299
0.161035 0.1652 0.285261 0.290611 -0.138353 0.22909 -0.0383529 0.32909 0.126471
0.161035 0.167789 0.285261 0.292912 -0.203839 0.296253 -0.103839 0.396253 0.128247
0.157841 0.164595 0.28211 0.289762 -0.11194 0.195007 -0.0119396 0.295007 0.126017
0.154714 0.161468 0.279121 0.286772 -0.0237697 0.097936 0.0762303 0.197936 0.125009
0.157559 0.161468 0.281886 0.286772 -0.0956418 0.173487 0.0043582 0.273487 0.125802
0.157559 0.161468 0.281886 0.286772 -0.0179252 0.0962294 0.0820748 0.196229 0.124964
0.15457 0.158478 0.279111 0.283997 0.0650992 0.00506558 0.165099 0.105066 0.125237
0.15457 0.161567 0.279111 0.286981 -0.012256 0.0867876 0.087744 0.186788 0.124961
0.157446 0.161567 0.281905 0.286981 -0.0848884 0.163129 0.0151116 0.263129 0.125629
0.157446 0.161567 0.281905 0.286981 -0.00766887 0.0863569 0.0923311 0.186357 0.12494
0.154475 0.158596 0.279152 0.284228 0.074714 -0.00413706 0.174714 0.0958629 0.125343
0.154475 0.158596 0.279152 0.284228 0.143256 -0.0716602 0.243256 0.0283398 0.126647
0.157755 0.158596 0.2823 0.284228 0.0616758 0.0144326 0.161676 0.114433 0.12524
0.157755 0.161668 0.2823 0.287205 -0.0158889 0.0959672 0.0841111 0.195967 0.124959
0.154765 0.158679 0.27952 0.284425 0.0670081 0.0047595 0.167008 0.10476 0.125248
0.157854 0.158679 0.282508 0.284425 -0.0103577 0.0863559 0.0896423 0.186356 0.124957
0.157854 0.161552 0.282508 0.28721 -0.0832426 0.162833 0.0167574 0.262833 0.125616
0.157854 0.164229 0.282508 0.289762 -0.151413 0.233911 -0.0514132 0.333911 0.127017
0.157854 0.164229 0.282508 0.289762 -0.071457 0.154172 0.028543 0.254172 0.125384
0.157854 0.166952 0.282508 0.292351 -0.140978 0.226521 -0.0409782 0.326521 0.126621
0.154698 0.163796 0.279465 0.289308 -0.0514003 0.127883 0.0485997 0.227883 0.125213
0.154698 0.166558 0.279465 0.291981 -0.121739 0.201641 -0.021739 0.301641 0.126295
0.157276 0.166558 0.281914 0.291981 -0.187027 0.269716 -0.0870267 0.369716 0.128011
0.157276 0.168966 0.281914 0.294175 -0.247931 0.332768 -0.147931 0.432768 0.130165
0.157276 0.171229 0.281914 0.296134 -0.30442 0.390896 -0.20442 0.490896 0.132599
0.153967 0.167921 0.278762 0.292982 -0.209322 0.287137 -0.109322 0.387137 0.128902
0.15071 0.164663 0.275664 0.289884 -0.116609 0.185726 -0.0166089 0.285726 0.126391
0.15071 0.167199 0.275664 0.292392 -0.18141 0.254163 -0.08141 0.354163 0.128137
0.15071 0.167199 0.275664 0.292392 -0.0999343 0.173218 6.5694e-05 0.273218 0.125953
0.15071 0.167199 0.275664 0.292392 -0.0216885 0.0957029 0.0783115 0.195703 0.124995
0.15071 0.170044 0.275664 0.29516 -0.0940233 0.171855 0.00597667 0.271855 0.125763
0.15071 0.172686 0.275664 0.297702 -0.161625 0.242578 -0.0616246 0.342578 0.127245
0.147514 0.16949 0.272612 0.29465 -0.0708745 0.143028 0.0291255 0.243028 0.125486
0.147514 0.16949 0.272612 0.29465 0.00607159 0.0669197 0.106072 0.16692 0.124934
0.147514 0.16949 0.272612 0.29465 0.0787422 -0.00480592 0.178742 0.0951941 0.125453
0.150651 0.16949 0.275644 0.29465 0.000633759 0.0776347 0.100634 0.177635 0.124934
0.147699 0.166538 0.272917 0.291923 0.0826391 -0.0122831 0.182639 0.0877169 0.125436
0.147699 0.169667 0.272917 0.294937 0.00408511 0.0707287 0.104085 0.170729 0.124935
0.147699 0.169667 0.272917 0.294937 0.0768476 -0.00123991 0.176848 0.0987601 0.125418
0.147699 0.172773 0.272917 0.297941 -0.00188739 0.081597 0.0981126 0.181597 0.124934
0.14474 0.169813 0.270179 0.295202 0.080216 -0.00858977 0.180216 0.0914102 0.125406
0.14474 0.169813 0.270179 0.295202 0.148455 -0.075794 0.248455 0.024206 0.126764
0.142174 0.167248 0.267813 0.292837 0.220217 -0.153672 0.320217 -0.0536719 0.128809
0.142174 0.167248 0.267813 0.292837 0.279026 -0.211129 0.379026 -0.111129 0.131314
0.142174 0.17075 0.267813 0.296152 0.191993 -0.119316 0.291993 -0.0193159 0.127972
0.142174 0.174101 0.267813 0.299363 0.107724 -0.0305487 0.207724 0.0694513 0.125878
0.142174 0.174101 0.267813 0.299363 0.173743 -0.0959573 0.273743 0.00404266 0.12754
0.142174 0.177402 0.267813 0.302555 0.0898265 -0.00783256 0.189826 0.0921674 0.125652
0.142174 0.180514 0.267813 0.30558 0.00969603 0.0759286 0.109696 0.175929 0.124946
0.142174 0.180514 0.267813 0.30558 0.0813189 0.00446196 0.181319 0.104462 0.125606
0.142174 0.180514 0.267813 0.30558 0.148203 -0.0622466 0.248203 0.0377534 0.127107
0.145449 0.180514 0.271008 0.30558 0.0658613 0.024039 0.165861 0.124039 0.12544
0.145449 0.183574 0.271008 0.308556 -0.0137539 0.106802 0.0862461 0.206802 0.124936
0.145449 0.183574 0.271008 0.308556 0.0585342 0.0344056 0.158534 0.134406 0.125426
0.148532 0.183574 0.274007 0.308556 -0.0199304 0.116072 0.0800696 0.216072 0.124937
0.145577 0.180619 0.271211 0.30576 0.0619349 0.025001 0.161935 0.125001 0.125414
0.145577 0.183689 0.271211 0.308739 -0.0173914 0.10779 0.0826086 0.20779 0.124935
0.142622 0.180733 0.26844 0.305968 0.0646892 0.0169765 0.164689 0.116976 0.1254
0.142622 0.180733 0.26844 0.305968 0.132777 -0.0504431 0.232777 0.0495569 0.126749
0.142622 0.180733 0.26844 0.305968 0.196033 -0.113042 0.296033 -0.0130418 0.128772
0.146016 0.180733 0.271719 0.305968 0.111685 -0.0242939 0.211685 0.0757061 0.126333
0.149232 0.180733 0.274849 0.305968 0.0307114 0.0605709 0.130711 0.160571 0.125121
0.146368 0.177869 0.27221 0.303329 0.10944 -0.0265816 0.20944 0.0734184 0.126189
0.143697 0.175198 0.269788 0.300907 0.183037 -0.10721 0.283037 -0.00721047 0.128014
0.143697 0.175198 0.269788 0.300907 0.243381 -0.166473 0.343381 -0.0664729 0.130371
0.14148 0.172981 0.267688 0.298807 0.306764 -0.234878 0.406764 -0.134878 0.133105
0.14148 0.176509 0.267688 0.302157 0.218586 -0.141976 0.318586 -0.0419757 0.129246
0.144917 0.176509 0.270977 0.302157 0.133908 -0.0526546 0.233908 0.0473454 0.126617
0.144917 0.179739 0.270977 0.305286 0.0514517 0.0338813 0.151452 0.133881 0.125227
0.14798 0.179739 0.273952 0.305286 -0.0258365 0.114793 0.0741635 0.214793 0.124964
0.14798 0.182587 0.273952 0.308003 -0.099571 0.191313 0.000428993 0.291313 0.125647
0.144898 0.179505 0.270981 0.305033 -0.0123489 0.0948994 0.0876511 0.194899 0.124945
0.144898 0.179505 0.270981 0.305033 0.0607313 0.0223933 0.160731 0.122393 0.125333
0.147994 0.179505 0.273986 0.305033 -0.0169987 0.104006 0.0830013 0.204006 0.124941
0.147994 0.179505 0.273986 0.305033 0.0560083 0.03137 0.156008 0.13137 0.125328
0.14518 0.176691 0.271416 0.302463 0.133391 -0.0539272 0.233391 0.0460728 0.126624
0.148452 0.176691 0.274572 0.302463 0.0520389 0.031823 0.152039 0.131823 0.125231
0.148452 0.179738 0.274572 0.305416 -0.0261722 0.113716 0.0738278 0.213716 0.124962
0.151324 0.179738 0.277335 0.305416 -0.0989028 0.189612 0.00109721 0.289612 0.125642
0.151324 0.18241 0.277335 0.307902 -0.167712 0.26077 -0.0677117 0.36077 0.127057
0.148169 0.179255 0.274256 0.304823 -0.0771271 0.160954 0.0228729 0.260954 0.125401
0.145099 0.176185 0.271367 0.301933 0.00935089 0.0659558 0.109351 0.165956 0.124939
0.145099 0.176185 0.271367 0.301933 0.0817095 -0.00532547 0.181709 0.0946745 0.125542
0.145099 0.179316 0.271367 0.304954 0.00233563 0.0783545 0.102336 0.178354 0.124937
0.148042 0.179316 0.274227 0.304954 -0.071569 0.156084 0.028431 0.256084 0.125338
0.148042 0.182037 0.274227 0.307555 -0.141698 0.229193 -0.041698 0.329193 0.126542
0.150602 0.182037 0.276619 0.307555 -0.206162 0.296177 -0.106162 0.396177 0.128344
0.150602 0.184428 0.276619 0.309664 -0.266808 0.358597 -0.166808 0.458597 0.130554
0.147346 0.181172 0.273469 0.306515 -0.172515 0.255395 -0.072515 0.355395 0.127458
0.144146 0.177971 0.270422 0.303467 -0.0812114 0.155373 0.0187886 0.255373 0.125587
0.144146 0.177971 0.270422 0.303467 -0.00382458 0.0789797 0.0961754 0.17898 0.124938
0.144146 0.177971 0.270422 0.303467 0.0693399 0.0069308 0.16934 0.106931 0.125373
0.141376 0.175202 0.267884 0.30093 0.146842 -0.0773871 0.246842 0.0226129 0.126711
0.144702 0.175202 0.27104 0.30093 0.0657003 0.00872222 0.1657 0.108722 0.12527
0.14191 0.17241 0.268481 0.298371 0.14383 -0.0762448 0.24383 0.0237552 0.126506
0.14191 0.175693 0.268481 0.301485 0.0620992 0.0103672 0.162099 0.110367 0.125189
0.139098 0.172882 0.265903 0.298906 0.140773 -0.0751536 0.240773 0.0248464 0.126335
0.139098 0.172882 0.265903 0.298906 0.205771 -0.138541 0.305771 -0.0385412 0.128212
0.142528 0.172882 0.269135 0.298906 0.122408 -0.0501909 0.222408 0.0498091 0.126013
0.142528 0.176086 0.269135 0.301981 0.041651 0.0350142 0.141651 0.135014 0.125021
0.142528 0.176086 0.269135 0.301981 0.112474 -0.0350097 0.212474 0.0649903 0.125906
0.142528 0.179255 0.269135 0.305043 0.0317457 0.0498233 0.131746 0.149823 0.124993
0.139627 0.176354 0.266471 0.302379 0.11198 -0.0383647 0.21198 0.0616353 0.125827
0.136934 0.17366 0.264003 0.299911 0.187107 -0.120101 0.287107 -0.020101 0.127477
0.140318 0.17366 0.267203 0.299911 0.104755 -0.0328158 0.204755 0.0671842 0.125625
0.137591 0.170934 0.264703 0.297411 0.18078 -0.115517 0.28078 -0.0155175 0.127145
0.137591 0.170934 0.264703 0.297411 0.243413 -0.176732 0.343413 -0.0767316 0.129293
0.137591 0.174375 0.264703 0.30066 0.157746 -0.0862667 0.257746 0.0137333 0.12665
0.140884 0.174375 0.267859 0.30066 0.0766131 -0.000574115 0.176613 0.0994259 0.12524
0.140884 0.174375 0.267859 0.30066 0.145643 -0.0689444 0.245643 0.0310556 0.126441
0.144134 0.174375 0.271001 0.30066 0.0646837 0.0162598 0.164684 0.11626 0.125159
0.144134 0.174375 0.271001 0.30066 0.134103 -0.052766 0.234103 0.047234 0.12627
0.141455 0.171695 0.268591 0.29825 0.207222 -0.133096 0.307222 -0.0330963 0.12813
0.141455 0.175048 0.268591 0.301467 0.122613 -0.0440479 0.222613 0.0559521 0.125967
0.138747 0.17234 0.266142 0.299018 0.196911 -0.125497 0.296911 -0.0254971 0.127689
0.138747 0.175678 0.266142 0.302209 0.112905 -0.0369735 0.212905 0.0630265 0.125731
0.141919 0.175678 0.269212 0.302209 0.0338449 0.0462424 0.133845 0.146242 0.124957
0.141919 0.178615 0.269212 0.305052 -0.0419378 0.125367 0.0580622 0.225367 0.125222
0.141919 0.18136 0.269212 0.307663 -0.113019 0.199113 -0.0130191 0.299113 0.126321
0.138774 0.178215 0.266196 0.304647 -0.0240496 0.100982 0.0759504 0.200982 0.125104
0.141585 0.178215 0.26892 0.304647 -0.0946865 0.175097 0.00531352 0.275097 0.126054
0.141585 0.180811 0.26892 0.307098 -0.16161 0.244627 -0.06161 0.344627 0.127673
0.141585 0.180811 0.26892 0.307098 -0.0807086 0.163974 0.0192914 0.263974 0.125706
0.144257 0.180811 0.27146 0.307098 -0.148121 0.234171 -0.0481207 0.334171 0.127152
0.144257 0.183296 0.27146 0.309352 -0.211792 0.299805 -0.111792 0.399805 0.129124
0.144257 0.185632 0.27146 0.311364 -0.270877 0.360349 -0.170877 0.460349 0.131445
0.146471 0.185632 0.273292 0.311364 -0.324736 0.415496 -0.224736 0.515496 0.133977
0.148562 0.185632 0.274917 0.311364 -0.374666 0.466374 -0.274666 0.566374 0.136614
0.150541 0.185632 0.27636 0.311364 -0.420994 0.513389 -0.320994 0.613389 0.13928
0.150541 0.185632 0.27636 0.311364 -0.336371 0.428782 -0.236371 0.528782 0.134236
0.150541 0.187699 0.27636 0.312943 -0.386667 0.479886 -0.286667 0.579886 0.136873
0.14718 0.184338 0.273286 0.309868 -0.29016 0.375357 -0.19016 0.475357 0.132232
0.143875 0.181033 0.270154 0.306737 -0.194932 0.27159 -0.0949319 0.37159 0.128627
0.143875 0.183329 0.270154 0.308967 -0.25441 0.333907 -0.15441 0.433907 0.130875
0.140578 0.180032 0.26704 0.305853 -0.159918 0.230894 -0.0599177 0.330894 0.127674
0.142961 0.180032 0.269449 0.305853 -0.220452 0.295046 -0.120452 0.395046 0.129761
0.142961 0.182232 0.269449 0.307997 -0.277487 0.354848 -0.177487 0.454848 0.132153
0.139639 0.17891 0.26633 0.304878 -0.182417 0.251321 -0.0824171 0.351321 0.128574
0.141929 0.17891 0.268665 0.304878 -0.240784 0.313245 -0.140784 0.413245 0.130819
0.138616 0.175596 0.265565 0.301777 -0.146452 0.210481 -0.0464516 0.310481 0.127634
0.138616 0.177957 0.265565 0.304187 -0.207753 0.275668 -0.107753 0.375668 0.129713
0.14081 0.177957 0.267799 0.304187 -0.263768 0.335023 -0.163768 0.435023 0.132101
0.14081 0.179993 0.267799 0.306164 -0.316524 0.390317 -0.216524 0.490317 0.134667
0.142725 0.179993 0.269615 0.306164 -0.36472 0.440713 -0.26472 0.540713 0.137318
0.139344 0.176612 0.266532 0.303081 -0.268661 0.336539 -0.168661 0.436539 0.132594
0.139344 0.176612 0.266532 0.303081 -0.184507 0.252767 -0.0845071 0.352767 0.128897
0.141612 0.176612 0.268823 0.303081 -0.242228 0.313897 -0.142228 0.413897 0.131188
0.138291 0.173291 0.265716 0.299974 -0.147792 0.210959 -0.0477916 0.310959 0.127889
0.138291 0.175631 0.265716 0.30235 -0.208448 0.275394 -0.108448 0.375394 0.130018
0.138291 0.175631 0.265716 0.30235 -0.125357 0.19289 -0.0253575 0.29289 0.127101
0.138291 0.175631 0.265716 0.30235 -0.0448533 0.113262 0.0551467 0.213262 0.125421
0.141015 0.175631 0.268402 0.30235 -0.112969 0.185493 -0.0129688 0.285493 0.126689
0.141015 0.178128 0.268402 0.304782 -0.177327 0.253079 -0.0773265 0.353079 0.128533
0.141015 0.178128 0.268402 0.304782 -0.0953963 0.17164 0.00460367 0.27164 0.12618
0.143603 0.178128 0.270916 0.304782 -0.160648 0.240159 -0.0606475 0.340159 0.127849
0.146011 0.178128 0.273195 0.304782 -0.221308 0.303435 -0.121308 0.403435 0.129973
0.148263 0.178128 0.275242 0.304782 -0.277588 0.361768 -0.177588 0.461768 0.13239
0.144951 0.174816 0.272106 0.301646 -0.182472 0.257977 -0.0824725 0.357977 0.128748
0.144951 0.174816 0.272106 0.301646 -0.100344 0.176363 -0.000343616 0.276363 0.126303
0.144951 0.174816 0.272106 0.301646 -0.0212556 0.0979772 0.0787444 0.197977 0.125097
0.144951 0.177607 0.272106 0.304353 -0.0928481 0.173143 0.00715192 0.273143 0.126044
0.144951 0.177607 0.272106 0.304353 -0.0143751 0.0952419 0.0856249 0.195242 0.125019
0.141941 0.174597 0.269319 0.301566 0.0696898 0.00299417 0.16969 0.102994 0.125128
0.141941 0.177644 0.269319 0.304506 -0.00757484 0.0845392 0.0924252 0.184539 0.125007
0.141941 0.177644 0.269319 0.304506 0.0668069 0.0109762 0.166807 0.110976 0.125144
0.139103 0.174806 0.266726 0.301914 0.145693 -0.0752512 0.245693 0.0247488 0.126242
0.136499 0.172203 0.264307 0.299495 0.219432 -0.154976 0.319432 -0.0549761 0.128095
0.136499 0.172203 0.264307 0.299495 0.279957 -0.213868 0.379957 -0.113868 0.13047
0.134398 0.170101 0.262153 0.297341 0.343453 -0.281478 0.443453 -0.181478 0.133212
0.137986 0.170101 0.265514 0.297341 0.256531 -0.189613 0.356531 -0.0896134 0.129328
0.137986 0.173544 0.265514 0.300588 0.170793 -0.0991032 0.270793 0.000896814 0.126667
0.137986 0.176806 0.265514 0.303713 0.0883722 -0.012295 0.188372 0.087705 0.125247
0.137986 0.17986 0.265514 0.306671 0.0100298 0.0698555 0.11003 0.169856 0.124958
0.137986 0.182707 0.265514 0.309421 -0.0637526 0.146779 0.0362474 0.246779 0.12562
0.137986 0.185366 0.265514 0.311932 -0.132757 0.218263 -0.032757 0.318263 0.127022
0.134805 0.182184 0.262462 0.308881 -0.0423536 0.118765 0.0576464 0.218765 0.125385
0.137538 0.182184 0.265113 0.308881 -0.110986 0.190768 -0.0109856 0.290768 0.126619
0.14008 0.182184 0.267529 0.308881 -0.17494 0.257429 -0.0749397 0.357429 0.128445
0.14008 0.182184 0.267529 0.308881 -0.0931712 0.175954 0.00682881 0.275954 0.12613
0.142686 0.182184 0.270001 0.308881 -0.158895 0.244352 -0.0588951 0.344352 0.127777
0.142686 0.184605 0.270001 0.311067 -0.220975 0.308298 -0.120975 0.408298 0.129886
0.142686 0.184605 0.270001 0.311067 -0.138147 0.225675 -0.0381473 0.325675 0.12702
0.13951 0.181429 0.266953 0.308018 -0.0476153 0.126102 0.0523847 0.226102 0.125381
0.13643 0.178349 0.264087 0.305152 0.0388134 0.0313904 0.138813 0.13139 0.124942
0.139407 0.178349 0.266976 0.305152 -0.0349226 0.109509 0.0650774 0.209509 0.125298
0.136335 0.175276 0.264135 0.302311 0.051145 0.0154014 0.151145 0.115401 0.124956
0.133439 0.17238 0.261477 0.299653 0.132465 -0.0727727 0.232465 0.0272273 0.125663
0.13668 0.17238 0.264529 0.299653 0.0542471 0.010634 0.154247 0.110634 0.124956
0.133776 0.169476 0.261863 0.296986 0.135705 -0.0776902 0.235705 0.0223098 0.12562
0.137013 0.169476 0.264906 0.296986 0.0576233 0.00557945 0.157623 0.105579 0.12495
0.137013 0.172443 0.264906 0.299846 -0.0170734 0.084737 0.0829266 0.184737 0.12529
0.133934 0.169364 0.262074 0.297013 0.0688253 -0.00900637 0.168825 0.0909936 0.124958
0.133934 0.172358 0.262074 0.299886 -0.00620102 0.0706685 0.093799 0.170669 0.125228
0.133934 0.172358 0.262074 0.299886 0.0698732 -0.00439442 0.169873 0.0956056 0.124976
0.133934 0.175344 0.262074 0.302765 -0.00578588 0.0754951 0.0942141 0.175495 0.125177
0.136725 0.175344 0.26479 0.302765 -0.0755918 0.149036 0.0244082 0.249036 0.126226
0.136725 0.175344 0.26479 0.302765 0.00330325 0.0706578 0.103303 0.170658 0.125072
0.133687 0.172305 0.26199 0.299964 0.0876743 -0.0218819 0.187674 0.0781181 0.125068
0.133687 0.175337 0.26199 0.302881 0.0109216 0.0591383 0.110922 0.159138 0.125051
0.133687 0.178145 0.26199 0.305602 -0.0612021 0.134851 0.0387979 0.234851 0.125926
0.133687 0.178145 0.26199 0.305602 0.01702 0.0571444 0.11702 0.157144 0.12499
0.130675 0.175133 0.25922 0.302832 0.1005 -0.0344409 0.2005 0.0655591 0.125178
0.12786 0.172318 0.256635 0.300248 0.179039 -0.119817 0.279039 -0.0198175 0.126321
0.125305 0.169763 0.254197 0.297809 0.252437 -0.198712 0.352437 -0.098712 0.128207
0.125305 0.173201 0.254197 0.300984 0.168031 -0.109179 0.268031 -0.00917874 0.126017
0.128581 0.173201 0.257288 0.300984 0.0888283 -0.0250521 0.188828 0.0749479 0.125024
0.128581 0.176207 0.257288 0.303879 0.0124753 0.0554501 0.112475 0.15545 0.125102
0.128581 0.176207 0.257288 0.303879 0.0876613 -0.0190786 0.187661 0.0809214 0.125041
0.125699 0.173325 0.254658 0.30125 0.167208 -0.106047 0.267208 -0.00604745 0.125976
0.128956 0.173325 0.25775 0.30125 0.0879825 -0.0220785 0.187982 0.0779215 0.125014
0.131985 0.173325 0.260676 0.30125 0.0129729 0.0570782 0.112973 0.157078 0.125113
0.131985 0.173325 0.260676 0.30125 0.0881683 -0.017606 0.188168 0.082394 0.125032
0.135006 0.173325 0.263607 0.30125 0.0126998 0.0617266 0.1127 0.161727 0.125085
0.137814 0.173325 0.266326 0.30125 -0.0581989 0.135812 0.0418011 0.235812 0.12602
0.140429 0.173325 0.268808 0.30125 -0.124393 0.204535 -0.0243927 0.304535 0.127627
0.140429 0.173325 0.268808 0.30125 -0.0435066 0.123781 0.0564934 0.223781 0.125682
0.143096 0.173325 0.271344 0.30125 -0.111207 0.194015 -0.0112067 0.294015 0.127114
0.143096 0.173325 0.271344 0.30125 -0.0310019 0.113914 0.0689981 0.213914 0.12543
0.143096 0.173325 0.271344 0.30125 0.045519 0.0375162 0.145519 0.137516 0.124939
0.143096 0.176218 0.271344 0.304054 -0.0297352 0.115695 0.0702648 0.215695 0.12534
0.143096 0.176218 0.271344 0.304054 0.0463992 0.0396163 0.146399 0.139616 0.12495
0.143096 0.179121 0.271344 0.306868 -0.0294116 0.118258 0.0705884 0.218258 0.125271
0.145842 0.179121 0.27395 0.306868 -0.0994676 0.190681 0.000532443 0.290681 0.126418
0.148422 0.179121 0.276298 0.306868 -0.164783 0.257766 -0.0647831 0.357766 0.128176
0.148422 0.181539 0.276298 0.30893 -0.226214 0.320294 -0.126214 0.420294 0.130358
0.150717 0.181539 0.278162 0.30893 -0.282401 0.377392 -0.182401 0.477392 0.132809
0.152888 0.181539 0.279811 0.30893 -0.334463 0.430062 -0.234463 0.530062 0.135409
0.154943 0.181539 0.281273 0.30893 -0.38273 0.478709 -0.28273 0.578709 0.138068
0.15689 0.181539 0.282572 0.30893 -0.427532 0.523731 -0.327532 0.623731 0.140725
0.153472 0.178121 0.279622 0.30598 -0.330905 0.419735 -0.230905 0.519735 0.135484
0.153472 0.178121 0.279622 0.30598 -0.24619 0.335207 -0.14619 0.435207 0.131105
0.155665 0.178121 0.281532 0.30598 -0.300753 0.391314 -0.200753 0.491314 0.133611
0.157731 0.178121 0.283235 0.30598 -0.351336 0.443064 -0.251336 0.543064 0.136238
0.159682 0.178121 0.284752 0.30598 -0.398268 0.490867 -0.298268 0.590867 0.138903
0.159682 0.178121 0.284752 0.30598 -0.31349 0.406222 -0.21349 0.506222 0.133916
0.159682 0.178121 0.284752 0.30598 -0.229003 0.322013 -0.129003 0.422013 0.129888
0.161951 0.178121 0.286761 0.30598 -0.285938 0.38061 -0.185938 0.48061 0.132292
0.161951 0.178121 0.286761 0.30598 -0.201881 0.296888 -0.101881 0.396888 0.12868
0.158739 0.174909 0.283658 0.302877 -0.108719 0.194905 -0.00871862 0.294905 0.126261
0.155598 0.171768 0.280702 0.299921 -0.0191237 0.0969634 0.0808763 0.196963 0.125079
0.158412 0.171768 0.283466 0.299921 -0.0901562 0.172026 0.00984378 0.272026 0.126004
0.15528 0.168636 0.280546 0.297001 -0.00117124 0.0749401 0.0988288 0.17494 0.125006
0.152292 0.165648 0.277807 0.294262 0.0833648 -0.0166612 0.183365 0.0833388 0.12515
0.149518 0.162874 0.275232 0.291687 0.162954 -0.102058 0.262954 -0.00205839 0.126258
0.149518 0.166195 0.275232 0.294763 0.082216 -0.015918 0.182216 0.084082 0.125107
0.14672 0.163396 0.272639 0.29217 0.162153 -0.101858 0.262153 -0.00185752 0.126125
0.150036 0.163396 0.275719 0.29217 0.0822104 -0.0166447 0.18221 0.0833553 0.125063
0.147216 0.160577 0.273109 0.289561 0.162456 -0.103043 0.262456 -0.00304342 0.126013
0.147216 0.160577 0.273109 0.289561 0.228897 -0.167339 0.328897 -0.0673389 0.127747
0.147216 0.160577 0.273109 0.289561 0.290461 -0.226897 0.390461 -0.126897 0.130039
0.145134 0.158494 0.2709 0.287352 0.355063 -0.295217 0.455063 -0.195217 0.132732
0.145134 0.158494 0.2709 0.287352 0.407553 -0.345819 0.507553 -0.245819 0.135633
0.148726 0.158494 0.274293 0.287352 0.319282 -0.253003 0.419282 -0.153003 0.131157
0.146693 0.156461 0.27216 0.285219 0.38156 -0.31914 0.48156 -0.21914 0.133959
0.146693 0.160031 0.27216 0.288575 0.293374 -0.226286 0.393374 -0.126286 0.12988
0.146693 0.160031 0.27216 0.288575 0.350229 -0.28188 0.450229 -0.18188 0.132527
0.15023 0.160031 0.275516 0.288575 0.262903 -0.190103 0.362903 -0.0901031 0.128824
0.153636 0.160031 0.278778 0.288575 0.178008 -0.100964 0.278008 -0.000963871 0.126362
0.153636 0.160031 0.278778 0.288575 0.242545 -0.164854 0.342545 -0.0648544 0.128245
0.151189 0.157585 0.276552 0.28635 0.310309 -0.238571 0.410309 -0.138571 0.130665
0.154664 0.157585 0.279871 0.28635 0.223835 -0.147774 0.323835 -0.0477743 0.127532
0.152155 0.155076 0.277585 0.284064 0.293397 -0.223445 0.393397 -0.123445 0.129794
0.155606 0.155076 0.280874 0.284064 0.207563 -0.133265 0.307563 -0.0332646 0.126964
0.158884 0.155076 0.284041 0.284064 0.12488 -0.0466122 0.22488 0.0533878 0.125373
0.158884 0.158155 0.284041 0.287065 0.046279 0.0355358 0.146279 0.135536 0.124935
0.161758 0.158155 0.286836 0.287065 -0.027862 0.112476 0.072138 0.212476 0.125476
0.164443 0.158155 0.289394 0.287065 -0.0972554 0.184053 0.00274456 0.284053 0.126787
0.161266 0.154977 0.286356 0.284028 -0.00716799 0.0849662 0.092832 0.184966 0.125281
0.163999 0.154977 0.288999 0.284028 -0.0774088 0.158054 0.0225912 0.258054 0.126427
0.163999 0.157527 0.288999 0.286441 -0.142647 0.22566 -0.0426471 0.32566 0.12819
0.160767 0.154295 0.285915 0.283357 -0.0504726 0.124696 0.0495274 0.224696 0.125981
0.157618 0.151146 0.282984 0.280426 0.0379974 0.0280021 0.137997 0.128002 0.124999
0.160478 0.151146 0.28576 0.280426 -0.0341276 0.104052 0.0658724 0.204052 0.125779
0.157342 0.14801 0.282858 0.277525 0.0537907 0.00816116 0.153791 0.108161 0.124958
0.157342 0.150918 0.282858 0.280334 -0.018652 0.0849475 0.081348 0.184947 0.125621
0.160013 0.150918 0.285468 0.280334 -0.0865665 0.156391 0.0134335 0.256391 0.12702
0.160013 0.150918 0.285468 0.280334 -0.00610283 0.0767079 0.0938972 0.176708 0.125382
0.160013 0.15364 0.285468 0.282979 -0.0752014 0.149227 0.0247986 0.249227 0.126623
0.160013 0.15364 0.285468 0.282979 0.00458089 0.0701189 0.104581 0.170119 0.125214
0.156946 0.150572 0.282637 0.280147 0.0901421 -0.0234981 0.190142 0.0765019 0.124978
0.156946 0.150572 0.282637 0.280147 0.161814 -0.0939894 0.261814 0.00601056 0.125767
0.154263 0.147889 0.280152 0.277663 0.237328 -0.175728 0.337328 -0.0757277 0.127382
0.157636 0.147889 0.283316 0.277663 0.154281 -0.0880561 0.254281 0.0119439 0.125577
0.154919 0.145172 0.280802 0.275148 0.230647 -0.170735 0.330647 -0.0707351 0.127066
0.15248 0.142733 0.278418 0.272765 0.301838 -0.24694 0.401838 -0.14694 0.129208
0.150343 0.140596 0.27613 0.270477 0.367941 -0.316883 0.467941 -0.216883 0.131797
0.148506 0.138759 0.273914 0.268261 0.429178 -0.380972 0.529178 -0.280972 0.134662
0.148506 0.142371 0.273914 0.271622 0.341352 -0.288393 0.441352 -0.188393 0.130413
0.152032 0.142371 0.277188 0.271622 0.255273 -0.197655 0.355273 -0.0976552 0.127361
0.152032 0.145741 0.277188 0.274792 0.172553 -0.110347 0.272553 -0.0103466 0.125561
0.149298 0.143008 0.274664 0.272268 0.248742 -0.192955 0.348742 -0.092955 0.127041
0.152644 0.143008 0.277811 0.272268 0.166303 -0.10606 0.266303 -0.00606038 0.125413
0.155773 0.143008 0.280814 0.272268 0.0878231 -0.023605 0.187823 0.076395 0.124933
